-43.9374965 -19.9402714 5
-43.9360937 -19.9401504 5
-43.9346802 -19.939994 5
-43.9345837 -19.9397016 5
-43.934184 -19.9399487 5
-43.9346775 -19.9400016 5
-43.9341867 -19.9399562 5
-43.9332318 -19.939868 5
-43.9329341 -19.9387938 5
-43.9332345 -19.939873 5
-43.9318639 -19.9397822 5
-43.9316574 -19.9391191 5
-43.9329341 -19.9387938 5
-43.9316601 -19.9391216 5
-43.9318666 -19.9397822 5
-43.9304852 -19.9395805 5
-43.9307132 -19.9392956 5
-43.9316627 -19.9391241 5
-43.9307132 -19.9392956 5
-43.9304236 -19.939399 5
-43.92993 -19.9394746 5
-43.9304852 -19.9395805 5
-43.9299327 -19.9394721 5
-43.9290047 -19.9393939 5
-43.9275858 -19.939278 5
-43.9269018 -19.939225 5
-43.9266202 -19.9391115 5
-43.9274517 -19.9388367 5
-43.9275911 -19.9392754 5
-43.9274544 -19.9388417 5
-43.9287713 -19.9384988 5
-43.92901 -19.9393914 5
-43.9287686 -19.9385014 5
-43.9300749 -19.9382038 5
-43.9304262 -19.9393939 5
-43.9300749 -19.9382089 5
-43.9313516 -19.9378584 5
-43.9316627 -19.9391191 5
-43.9313489 -19.9378609 5
-43.9325988 -19.9375533 5
-43.9329314 -19.9388014 5
-43.9342564 -19.9384711 5
-43.934589 -19.9397016 5
-43.9353561 -19.9384585 5
-43.9351577 -19.9382416 5
-43.9342564 -19.9384711 5
-43.933948 -19.9372482 5
-43.9352274 -19.9379618 5
-43.9351577 -19.9382366 5
-43.9352301 -19.9379618 5
-43.9353991 -19.9377853 5
-43.9351898 -19.936933 5
-43.9339507 -19.9372457 5
-43.9351925 -19.936933 5
-43.9354098 -19.9377853 5
-43.9356887 -19.9378786 5
-43.9359248 -19.9380601 5
-43.9368153 -19.9378533 5
-43.9359248 -19.9380651 5
-43.9358523 -19.9383072 5
-43.9355949 -19.9385165 5
-43.9353642 -19.9384585 5
-43.9355922 -19.9385215 5
-43.9358523 -19.9393914 5
-43.9349216 -19.9395805 5
-43.9347795 -19.9393965 5
-43.9349189 -19.9395755 5
-43.9358577 -19.9393939 5
-43.9360991 -19.9401504 5
-43.9358604 -19.9393939 5
-43.9368689 -19.9391443 5
-43.9369118 -19.9389224 5
-43.9358523 -19.9383173 5
-43.9369118 -19.9389275 5
-43.9371854 -19.9390309 5
-43.9374992 -19.9402689 5
-43.9371908 -19.9390334 5
-43.9368233 -19.9378483 5
-43.9365605 -19.9368548 5
-43.9362198 -19.9366834 5
-43.9352033 -19.9369406 5
-43.9354098 -19.9377802 5
-43.9356914 -19.937876 5
-43.9363942 -19.9367666 5
-43.9365256 -19.9366103 5
-43.9362198 -19.9354302 5
-43.9349002 -19.9356975 5
-43.9351965 -19.936933 5
-43.9349015 -19.935695 5
-43.9336409 -19.93599 5
-43.9338554 -19.9369431 5
-43.9337294 -19.9370982 5
-43.933956 -19.9372469 5
-43.9337294 -19.9370994 5
-43.9337133 -19.9372835 5
-43.9325988 -19.9375735 5
-43.9322609 -19.9363531 5
-43.9336503 -19.9360001 5
-43.9322609 -19.9363783 5
-43.9337307 -19.9371045 5
-43.9322716 -19.9363833 5
-43.931011 -19.9366506 5
-43.9313436 -19.937876 5
-43.9310217 -19.9366758 5
-43.9297235 -19.9369481 5
-43.9300789 -19.9382076 5
-43.9297222 -19.9369519 5
-43.9284213 -19.9372608 5
-43.9287713 -19.9384951 5
-43.9284199 -19.9372608 5
-43.9270963 -19.9376075 8
-43.9274544 -19.9388417 5
-43.9271043 -19.9376125 8
-43.9262688 -19.9389199 8
-43.9266229 -19.9391065 5
-43.9262635 -19.938925 8
-43.9260221 -19.9387081 8
-43.9258128 -19.9379113 8
-43.9270949 -19.9376189 8
-43.9258236 -19.9379265 8
-43.9254749 -19.936701 8
-43.9267677 -19.9363531 8
-43.9270976 -19.9376163 8
-43.9280243 -19.9361022 5
-43.9267704 -19.9363556 8
-43.9280243 -19.9361035 5
-43.9284199 -19.9372583 5
-43.9280283 -19.9361072 5
-43.9282644 -19.9357593 5
-43.9285125 -19.9359118 5
-43.9293708 -19.9357441 5
-43.9297181 -19.9369519 5
-43.9293694 -19.9357467 5
-43.9306878 -19.9354264 5
-43.931019 -19.9366594 5
-43.9306918 -19.9354277 5
-43.9322676 -19.9363493 5
-43.9319323 -19.9351289 5
-43.9306918 -19.9354302 5
-43.931931 -19.9351264 5
-43.9333203 -19.9347545 5
-43.9336489 -19.9360001 5
-43.9333203 -19.9347557 5
-43.934636 -19.9344746 5
-43.9349015 -19.9356937 5
-43.9346333 -19.9344721 5
-43.9358979 -19.934172 5
-43.9362279 -19.9354264 5
-43.9373839 -19.9351831 5
-43.9367294 -19.9362673 5
-43.9365417 -19.9366153 5
-43.9367402 -19.9362623 5
-43.9368367 -19.9365195 5
-43.937797 -19.9362774 5
-43.9375609 -19.9352638 5
-43.9373946 -19.9351882 5
-43.9374858 -19.9350419 5
-43.9380169 -19.9341543 5
-43.9379525 -19.9336299 5
-43.9371639 -19.9338114 5
-43.9374912 -19.935052 5
-43.9371639 -19.9338215 5
-43.9367884 -19.932596 5
-43.9378667 -19.9331659 5
-43.9379579 -19.9336299 5
-43.9378721 -19.9331609 5
-43.9388484 -19.932939 5
-43.9391327 -19.9338518 5
-43.9400017 -19.9342703 5
-43.9397764 -19.9332214 5
-43.9394706 -19.932006 0
-43.9388537 -19.9329289 5
-43.938843 -19.9324145 5
-43.9386445 -19.9317639 5
-43.93843 -19.9309823 5
-43.9373034 -19.9312495 5
-43.9376467 -19.9328028 5
-43.9378667 -19.933171 5
-43.9367992 -19.9326011 5
-43.9364773 -19.9314311 5
-43.9373034 -19.9312546 5
-43.9364666 -19.9314361 5
-43.9351845 -19.9316933 5
-43.9367831 -19.932596 5
-43.9351952 -19.9316883 5
-43.9354956 -19.9329591 5
-43.9367992 -19.9326112 5
-43.935501 -19.9329541 5
-43.9358926 -19.9341745 5
-43.9371693 -19.9338215 5
-43.9358926 -19.9341846 5
-43.9354903 -19.9329541 5
-43.9342457 -19.9332567 5
-43.9346427 -19.9344922 5
-43.9342457 -19.9332718 5
-43.933897 -19.9320287 5
-43.9351979 -19.9316984 5
-43.9339024 -19.9320337 5
-43.9325827 -19.9323388 5
-43.9329287 -19.9335694 5
-43.9342457 -19.9332617 5
-43.9329261 -19.9335794 5
-43.9333203 -19.934762 5
-43.9329341 -19.9335769 5
-43.9316225 -19.9338871 5
-43.931931 -19.9351302 5
-43.9316225 -19.9338921 5
-43.9303243 -19.9341947 5
-43.9306918 -19.9354302 5
-43.9290369 -19.93453 8
-43.9303243 -19.9342022 5
-43.9290369 -19.9345351 5
-43.9293748 -19.9357504 5
-43.9290422 -19.9345326 5
-43.9282644 -19.9357605 5
-43.927964 -19.9357908 8
-43.9277548 -19.9348351 8
-43.9290422 -19.93453 5
-43.9277548 -19.9348377 8
-43.9264217 -19.935168 8
-43.9267704 -19.9363556 8
-43.9264163 -19.9351755 8
-43.9251718 -19.9354706 8
-43.9254722 -19.9366985 8
-43.9251772 -19.9354806 8
-43.9248365 -19.9342476 8
-43.926132 -19.9339375 8
-43.9264244 -19.9351806 8
-43.9261347 -19.9339425 8
-43.9274141 -19.9336198 8
-43.9277574 -19.9348351 8
-43.9274088 -19.9336248 8
-43.928723 -19.9332769 8
-43.9290422 -19.9345376 5
-43.9287257 -19.9332769 8
-43.9299703 -19.9330272 8
-43.9303297 -19.9342048 5
-43.9299756 -19.9330272 8
-43.9312685 -19.9326666 5
-43.9316198 -19.9338871 5
-43.9312658 -19.9326666 5
-43.9325827 -19.9323464 5
-43.9322421 -19.9311411 5
-43.9309385 -19.9314286 8
-43.9312711 -19.9326692 5
-43.9309412 -19.9314336 8
-43.9296725 -19.931774 8
-43.9299756 -19.9330297 8
-43.9309412 -19.9314361 8
-43.9296699 -19.9317841 8
-43.9283663 -19.9321069 8
-43.9287177 -19.9332794 8
-43.9283663 -19.9321119 8
-43.9270574 -19.9324246 8
-43.9274061 -19.9336299 8
-43.927052 -19.9324271 8
-43.9257538 -19.9326919 8
-43.9261293 -19.9339425 8
-43.9257592 -19.9326969 8
-43.9274088 -19.9336273 8
-43.9290449 -19.9345401 5
-43.9274114 -19.9336324 8
-43.9257511 -19.9326944 8
-43.924453 -19.9330222 8
-43.9248419 -19.9342451 8
-43.924453 -19.9330228 8
-43.9241365 -19.9318396 8
-43.9257619 -19.9326969 8
-43.9254427 -19.931479 8
-43.9241338 -19.9318471 8
-43.9243215 -19.9317942 8
-43.9238521 -19.9305914 8
-43.9232111 -19.9307629 8
-43.9241338 -19.9318371 8
-43.9232138 -19.9307629 8
-43.9238521 -19.9305965 8
-43.9251021 -19.9302813 8
-43.9254454 -19.9314815 8
-43.9267302 -19.9311789 8
-43.927052 -19.9324321 8
-43.9267382 -19.9311815 8
-43.9264083 -19.9299434 8
-43.9267436 -19.9311764 8
-43.9280203 -19.9308612 8
-43.9283663 -19.9321144 8
-43.9280257 -19.9308663 8
-43.9276797 -19.9296307 8
-43.928023 -19.9308738 8
-43.9293346 -19.930541 8
-43.9296779 -19.9317841 8
-43.9293319 -19.9305485 8
-43.9289671 -19.9293256 8
-43.9293399 -19.9305485 8
-43.9306113 -19.9302233 8
-43.9309493 -19.9314311 8
-43.9306194 -19.9302308 8
-43.9302948 -19.9290129 8
-43.9306167 -19.9302308 8
-43.9319041 -19.9298929 8
-43.9309439 -19.9314336 8
-43.9318988 -19.9299005 5
-43.9322421 -19.9311386 5
-43.9319041 -19.9298929 8
-43.933543 -19.9307931 5
-43.9322421 -19.9311386 5
-43.933543 -19.9307906 5
-43.9339024 -19.9320363 5
-43.9335564 -19.9307957 5
-43.9351952 -19.9317059 5
-43.9348358 -19.9304981 10
-43.9335456 -19.9307931 5
-43.9348438 -19.9304931 10
-43.9361688 -19.9301678 10
-43.9364827 -19.9314336 5
-43.9361688 -19.9301728 10
-43.937467 -19.9298728 0
-43.9378667 -19.9311184 5
-43.9374697 -19.9298778 0
-43.9371371 -19.9286448 0
-43.9358041 -19.9289448 10
-43.9361715 -19.9301804 10
-43.9358068 -19.9289524 10
-43.9345354 -19.9292525 10
-43.9348358 -19.9305032 10
-43.9345434 -19.9292575 10
-43.933197 -19.9296004 8
-43.9335483 -19.9307906 5
-43.9331862 -19.9295904 8
-43.9318988 -19.9298929 8
-43.9315823 -19.9286649 8
-43.9319041 -19.9298929 8
-43.9327034 -19.9285716 8
-43.9329046 -19.9282514 8
-43.933197 -19.9295904 8
-43.9329046 -19.9282514 8
-43.9341491 -19.9280345 10
-43.9345461 -19.92926 10
-43.9341438 -19.928032 10
-43.93545 -19.9276891 10
-43.9358068 -19.9289524 10
-43.9354473 -19.9277092 10
-43.9367509 -19.9273865 0
-43.9371398 -19.9286422 0
-43.9367482 -19.927389 0
-43.9364129 -19.9261736 2
-43.9351013 -19.9265316 10
-43.9354527 -19.9277067 10
-43.9350986 -19.9265367 10
-43.93383 -19.9268267 2
-43.9341465 -19.9280396 10
-43.9338273 -19.9268292 2
-43.9325854 -19.9271772 2
-43.9329046 -19.9282564 8
-43.9325827 -19.9271797 2
-43.9312336 -19.9274773 1
-43.9315796 -19.9286624 8
-43.9324299 -19.9284556 8
-43.9327034 -19.9285742 8
-43.9324299 -19.9284607 8
-43.9315876 -19.9286599 8
-43.9302975 -19.9290154 8
-43.9319068 -19.9299055 5
-43.9303002 -19.929018 8
-43.9299408 -19.9277899 1
-43.9312389 -19.9274697 1
-43.9309171 -19.9262265 1
-43.9325854 -19.9271822 2
-43.93188 -19.9243731 2
-43.9313301 -19.9227466 1
-43.9274248 -19.9236948 1
-43.9276448 -19.9243933 1
-43.9279854 -19.9245572 1
-43.9292273 -19.9252809 1
-43.930909 -19.9262265 1
-43.9296108 -19.9265443 1
-43.9292353 -19.9252834 1
-43.9280766 -19.9256213 1
-43.9284146 -19.9268544 1
-43.9296082 -19.9265392 1
-43.9286077 -19.9280572 8
-43.9284146 -19.9268544 1
-43.9286077 -19.9280522 8
-43.9299488 -19.9277849 1
-43.9296189 -19.9265417 1
-43.9299408 -19.9277824 1
-43.9303029 -19.929018 8
-43.9289752 -19.9293332 8
-43.9286104 -19.9280522 8
-43.9303002 -19.9290129 8
-43.9286211 -19.9280597 8
-43.926985 -19.9271671 1
-43.9284173 -19.9268595 1
-43.9280739 -19.9256213 1
-43.9278218 -19.9247589 1
-43.9279935 -19.9245471 1
-43.9276475 -19.9243883 1
-43.9263466 -19.9247211 1
-43.9266711 -19.9259618 1
-43.9280793 -19.9256213 1
-43.9266765 -19.9259618 1
-43.9269984 -19.9271621 1
-43.9273524 -19.9284052 8
-43.9286184 -19.9280446 8
-43.9273497 -19.9284102 8
-43.9276797 -19.9296307 8
-43.9289725 -19.9293332 8
-43.9276797 -19.9296408 8
-43.9264083 -19.9299434 8
-43.926124 -19.9287381 8
-43.9273497 -19.9284153 8
-43.9261159 -19.9287431 8
-43.9258048 -19.9275226 1
-43.9270011 -19.9271646 1
-43.9253756 -19.9262517 1
-43.9258102 -19.9275226 1
-43.9253783 -19.9262618 1
-43.9266792 -19.9259668 1
-43.9253783 -19.9262593 1
-43.9244369 -19.9277698 1
-43.9258128 -19.9275353 1
-43.9261213 -19.9287355 8
-43.9248258 -19.9290356 8
-43.9244476 -19.9277723 1
-43.9248258 -19.9290381 8
-43.9250994 -19.9302838 8
-43.9264163 -19.9299509 8
-43.9251021 -19.9302838 8
-43.9248258 -19.9290306 8
-43.9235008 -19.9293407 8
-43.9238575 -19.9305889 8
-43.9235169 -19.9293407 8
-43.9228517 -19.930372 8
-43.9232165 -19.9307679 8
-43.922857 -19.9303796 8
-43.9221624 -19.9296963 1
-43.9235222 -19.9293458 8
-43.9221731 -19.9297038 1
-43.9218217 -19.9292878 1
-43.9220229 -19.9290734 1
-43.9218807 -19.9284405 1
-43.9212719 -19.9286851 1
-43.9218244 -19.9292978 1
-43.9212719 -19.9286927 1
-43.9218834 -19.928443 1
-43.9231682 -19.9281455 1
-43.9235035 -19.9293332 8
-43.9244369 -19.9277672 1
-43.9231655 -19.9281455 1
-43.9218834 -19.9284481 1
-43.9212719 -19.9286801 1
-43.9202392 -19.9275504 1
-43.9215079 -19.9272301 1
-43.9218727 -19.928438 1
-43.9215106 -19.9272226 1
-43.9228061 -19.9269124 1
-43.9231655 -19.9281455 1
-43.9228034 -19.9269099 1
-43.9234632 -19.9267586 1
-43.9238012 -19.9279664 1
-43.9234632 -19.9267561 1
-43.9240935 -19.9265745 1
-43.9244503 -19.9277698 1
-43.9240935 -19.9265796 1
-43.9253783 -19.9262593 1
-43.923761 -19.9253591 1
-43.9240989 -19.9265896 1
-43.923761 -19.9253566 1
-43.9250565 -19.9250489 1
-43.9253783 -19.9262644 1
-43.9263493 -19.9247262 1
-43.926816 -19.9239797 1
-43.9276448 -19.9243933 1
-43.9268187 -19.9239823 1
-43.9272746 -19.9232157 1
-43.9274248 -19.9236973 1
-43.9272746 -19.9232283 1
-43.9260194 -19.9235132 1
-43.9268187 -19.9239848 1
-43.9260194 -19.9235183 1
-43.926352 -19.9247287 1
-43.9260221 -19.9235132 1
-43.9246997 -19.9238158 1
-43.9250565 -19.925059 1
-43.9247105 -19.9238234 1
-43.9234337 -19.9241285 1
-43.9237636 -19.9253591 1
-43.9234257 -19.924131 1
-43.9221194 -19.9244589 1
-43.9224574 -19.9256819 1
-43.9237744 -19.9253591 1
-43.9221194 -19.9244563 1
-43.9224494 -19.9256844 1
-43.9228114 -19.92692 1
-43.9224494 -19.9256819 1
-43.9211807 -19.9259769 1
-43.9215186 -19.9272352 1
-43.921178 -19.9259744 1
-43.9198825 -19.9263274 1
-43.9202419 -19.9275605 1
-43.9198798 -19.92634 1
-43.9195445 -19.9251044 1
-43.9208561 -19.9247791 1
-43.921178 -19.9259769 1
-43.9208588 -19.9247842 1
-43.9221194 -19.9244538 1
-43.9205074 -19.9235511 1
-43.9208561 -19.9247867 1
-43.9205101 -19.9235561 1
-43.9191958 -19.9238461 1
-43.9195445 -19.9251094 1
-43.9191958 -19.9238461 1
-43.9189115 -19.9226811 1
-43.9201829 -19.9223129 1
-43.9205101 -19.9235586 1
-43.9218083 -19.9232308 1
-43.9221248 -19.9244488 1
-43.9218056 -19.9232207 1
-43.9216366 -19.9226433 1
-43.9214516 -19.9220027 1
-43.9201829 -19.9223154 1
-43.921465 -19.9220027 1
-43.9227632 -19.9216875 1
-43.9229241 -19.9223053 1
-43.9216447 -19.9226382 1
-43.9229321 -19.9222978 1
-43.9230904 -19.9228929 1
-43.9218137 -19.9232308 1
-43.9230904 -19.9228904 1
-43.9234284 -19.9241235 1
-43.9230958 -19.9228879 1
-43.9243805 -19.9225953 1
-43.9247105 -19.9238209 1
-43.9243859 -19.9225903 1
-43.9240158 -19.9213774 1
-43.9227712 -19.921685 1
-43.9240238 -19.9213849 1
-43.9242518 -19.9210621 1
-43.9248419 -19.9213446 1
-43.9253408 -19.9210924 1
-43.9257109 -19.9222776 1
-43.9243752 -19.9226004 1
-43.9257216 -19.9222927 1
-43.9260274 -19.9235132 1
-43.9257216 -19.9222978 1
-43.9270091 -19.92198 1
-43.9272666 -19.9232207 1
-43.9270306 -19.9219649 1
-43.9266658 -19.9207293 1
-43.926065 -19.9205628 1
-43.9253622 -19.9210975 1
-43.9251047 -19.9212034 1
-43.9248633 -19.9213446 1
-43.9245576 -19.9212084 1
-43.9242572 -19.9210571 1
-43.9259309 -19.9183689 4
-43.9263868 -19.9197609 4
-43.9266336 -19.919887 4
-43.9273417 -19.9190902 4
-43.926875 -19.9186867 4
-43.9261132 -19.9181369 4
-43.9259416 -19.9183538 4
-43.926124 -19.9181319 4
-43.9269501 -19.9185505 4
-43.9268857 -19.9186766 4
-43.9269608 -19.9185354 4
-43.9281249 -19.9191809 4
-43.9293373 -19.9199173 4
-43.9290261 -19.9204015 4
-43.9273632 -19.9190851 4
-43.9290315 -19.9203914 4
-43.9285755 -19.9210924 1
-43.9275509 -19.9212286 1
-43.9266604 -19.9207293 1
-43.9275509 -19.9212387 1
-43.9285648 -19.9210975 1
-43.9272773 -19.9232358 1
-43.9285916 -19.9211025 1
-43.9311558 -19.9220103 1
-43.9313436 -19.9227567 1
-43.9311558 -19.9220154 1
-43.9323252 -19.922086 2
-43.934412 -19.9211479 2
-43.9350128 -19.9201997 2
-43.9345461 -19.9199425 2
-43.9342725 -19.918838 2
-43.935737 -19.9185152 2
-43.936075 -19.9197609 2
-43.9345622 -19.9199475 2
-43.9360696 -19.919771 2
-43.93637 -19.9209008 2
-43.9350343 -19.9201997 2
-43.93637 -19.9208907 2
-43.9367294 -19.922096 2
-43.9352971 -19.9244866 2
-43.933838 -19.9268519 10
-43.9353025 -19.9244866 2
-43.9360803 -19.9249556 2
-43.9350933 -19.9265392 10
-43.936075 -19.9249607 2
-43.9364183 -19.9261711 2
-43.9360696 -19.9249758 2
-43.9373517 -19.9246228 2
-43.9370567 -19.9233871 2
-43.9360857 -19.9249657 2
-43.9370567 -19.9234124 2
-43.9367348 -19.9221011 2
-43.9380383 -19.9218338 2
-43.9376682 -19.9206738 2
-43.9363807 -19.9209058 2
-43.9376736 -19.9206889 2
-43.937341 -19.919418 2
-43.9360589 -19.919771 2
-43.937341 -19.9194129 2
-43.9370191 -19.9182126 2
-43.9357585 -19.9185001 2
-43.9353722 -19.917335 2
-43.9346159 -19.9174762 2
-43.9350021 -19.9186968 2
-43.9353293 -19.9198517 2
-43.9350182 -19.9202098 2
-43.9345407 -19.9199475 2
-43.9329314 -19.9190599 4
-43.9322233 -19.9200182 4
-43.9330655 -19.9204216 4
-43.9322394 -19.9200131 4
-43.9318746 -19.9205275 4
-43.9324594 -19.9208554 4
-43.9318907 -19.9205023 4
-43.9315206 -19.9210319 1
-43.9302921 -19.9206133 1
-43.9290315 -19.9204065 4
-43.9293534 -19.9199173 4
-43.9297128 -19.919307 4
-43.9318693 -19.9205376 4
-43.9297342 -19.9193171 4
-43.9300293 -19.9187825 4
-43.9322448 -19.919998 4
-43.9300293 -19.9187926 4
-43.9297181 -19.9193171 4
-43.9285219 -19.9185959 4
-43.9281034 -19.9192213 4
-43.9285165 -19.918606 4
-43.9273363 -19.9179755 4
-43.9269662 -19.9185404 4
-43.9273578 -19.9179755 4
-43.9264458 -19.9174762 4
-43.9261186 -19.918142 4
-43.9264727 -19.9174712 4
-43.9268589 -19.9167953 4
-43.9277816 -19.9172795 4
-43.9273471 -19.9179957 4
-43.9277762 -19.9172745 4
-43.9289349 -19.9179352 4
-43.9285165 -19.918606 4
-43.9289457 -19.9179352 4
-43.9301473 -19.9185959 4
-43.9300346 -19.9188077 4
-43.9301312 -19.918606 4
-43.9306462 -19.9177688 4
-43.9294177 -19.9170879 4
-43.9289457 -19.9179301 4
-43.929407 -19.9170929 4
-43.9282966 -19.9164524 4
-43.9277977 -19.9172997 4
-43.9283019 -19.9164423 4
-43.9274061 -19.9159833 4
-43.926875 -19.9168155 4
-43.9274222 -19.9159833 4
-43.9277011 -19.915595 4
-43.928495 -19.9142332 4
-43.9289671 -19.9145459 4
-43.9303672 -19.9141676 4
-43.9305925 -19.9148889 4
-43.9277118 -19.9156101 4
-43.9306086 -19.914904 4
-43.9307803 -19.9155647 4
-43.9293104 -19.9158976 4
-43.9291763 -19.9152419 4
-43.9293265 -19.9158976 4
-43.9292783 -19.9164625 4
-43.9283127 -19.9164423 4
-43.9292836 -19.9164675 4
-43.9297664 -19.9165482 4
-43.9309841 -19.9172241 4
-43.9306408 -19.9177688 4
-43.9309841 -19.9172291 4
-43.9315206 -19.9163616 4
-43.9309734 -19.9160388 4
-43.9308232 -19.9155597 4
-43.9305925 -19.9149292 4
-43.9303511 -19.9141575 4
-43.9301473 -19.9133304 4
-43.9288598 -19.9136935 4
-43.9284897 -19.9142332 4
-43.9288652 -19.9136885 4
-43.9301366 -19.9133253 4
-43.9308178 -19.9131841 4
-43.9316761 -19.9136834 4
-43.932057 -19.9155647 4
-43.9315099 -19.9163566 4
-43.9320517 -19.9155647 4
-43.9324003 -19.9166693 4
-43.9311665 -19.9169416 4
-43.9309788 -19.9172341 4
-43.9311612 -19.9169467 4
-43.9315152 -19.9163566 4
-43.9311719 -19.9169416 4
-43.9314723 -19.9182075 4
-43.9306569 -19.9177738 4
-43.9314669 -19.9181874 4
-43.9327276 -19.9179402 4
-43.9324164 -19.9166693 4
-43.9327168 -19.9179352 4
-43.9329368 -19.9190448 4
-43.9314991 -19.9182025 4
-43.9329422 -19.9190549 4
-43.9345676 -19.9199223 2
-43.9342779 -19.9188279 2
-43.9339453 -19.9176528 2
-43.9346266 -19.9174611 2
-43.9342028 -19.9159228 2
-43.9335805 -19.9160136 2
-43.933146 -19.9145156 2
-43.9316815 -19.9136885 4
-43.9340043 -19.9149948 2
-43.9342135 -19.9159178 2
-43.9349216 -19.9157261 2
-43.935383 -19.917335 2
-43.934927 -19.9157261 2
-43.934691 -19.9147376 2
-43.9340097 -19.9149998 2
-43.9346963 -19.9147426 2
-43.9360052 -19.914445 2
-43.9362252 -19.9153831 2
-43.9349216 -19.9157312 2
-43.9362466 -19.9153831 2
-43.936649 -19.9169567 2
-43.9353776 -19.9173148 2
-43.9366704 -19.9169668 2
-43.9370084 -19.9182126 2
-43.9382797 -19.9178696 2
-43.9386284 -19.9190649 2
-43.9370137 -19.9182176 2
-43.9386284 -19.9190599 2
-43.9373463 -19.9194079 2
-43.9386177 -19.91907 2
-43.9376736 -19.9206788 2
-43.9386123 -19.9190649 2
-43.9389449 -19.9203409 2
-43.9376575 -19.9206788 2
-43.938961 -19.920346 2
-43.9402431 -19.919998 2
-43.9386284 -19.9190649 2
-43.9399534 -19.9187926 2
-43.9402485 -19.9200081 2
-43.9399481 -19.9187926 2
-43.9395511 -19.9176679 2
-43.938607 -19.9190851 2
-43.9382905 -19.9178595 2
-43.9395511 -19.917678 2
-43.93924 -19.9163313 2
-43.9379472 -19.9166289 2
-43.9382905 -19.9178797 2
-43.9379472 -19.916634 2
-43.9366651 -19.9169719 2
-43.9364451 -19.9161548 2
-43.935163 -19.916523 2
-43.9364612 -19.9161498 2
-43.9377272 -19.9159077 2
-43.9375395 -19.9150301 2
-43.936252 -19.9153731 2
-43.9360106 -19.91444 2
-43.9373088 -19.9140567 2
-43.9375448 -19.9150301 2
-43.9388108 -19.9147678 2
-43.9392453 -19.9163213 2
-43.9388108 -19.9147729 2
-43.9385587 -19.9139508 2
-43.9373195 -19.9140617 2
-43.9385748 -19.9139659 2
-43.9383709 -19.9131539 2
-43.9373249 -19.9140617 2
-43.9383817 -19.913169 2
-43.9394063 -19.9121602 2
-43.9398998 -19.9135321 2
-43.9385694 -19.9139558 2
-43.9398998 -19.9135271 2
-43.9407367 -19.9134262 2
-43.9411819 -19.9126999 2
-43.9403611 -19.9122662 2
-43.939417 -19.9121602 2
-43.9403772 -19.9122662 2
-43.9411712 -19.912705 2
-43.9431936 -19.9138448 3
-43.943553 -19.9142786 2
-43.9428717 -19.9145963 2
-43.942008 -19.9148637 2
-43.9422065 -19.9156245 2
-43.9420026 -19.9148427 2
-43.9412463 -19.9149242 2
-43.940742 -19.9134313 2
-43.9401251 -19.9144349 2
-43.9399213 -19.9135321 2
-43.9401358 -19.91444 2
-43.9388108 -19.9147628 2
-43.9401412 -19.9144349 2
-43.940329 -19.9151461 2
-43.9390361 -19.9155345 2
-43.940329 -19.9151511 2
-43.9412409 -19.9149292 2
-43.940345 -19.9151511 2
-43.9405113 -19.9160388 2
-43.9414126 -19.915832 2
-43.9412463 -19.9149343 2
-43.9414233 -19.915827 2
-43.9422065 -19.9156 2
-43.9428771 -19.9145913 2
-43.9430702 -19.9153781 2
-43.9443362 -19.9150049 2
-43.9435583 -19.9142836 2
-43.9443415 -19.91502 2
-43.9453447 -19.9161397 2
-43.9447439 -19.9163162 2
-43.9434671 -19.9165936 2
-43.9430863 -19.9153831 2
-43.9434886 -19.9165886 2
-43.9425606 -19.9168307 2
-43.9422065 -19.9156 2
-43.9431024 -19.9153983 2
-43.9422172 -19.9156202 2
-43.9425659 -19.9168307 2
-43.9417183 -19.9170223 2
-43.9414179 -19.9158371 2
-43.9417076 -19.9170324 2
-43.9408708 -19.917219 2
-43.9405113 -19.9160388 2
-43.9408654 -19.917219 2
-43.9395458 -19.917678 2
-43.9405435 -19.9160439 2
-43.9392722 -19.9163112 2
-43.9390361 -19.9155445 2
-43.9377272 -19.9159228 2
-43.9390415 -19.9155345 2
-43.9392668 -19.9163213 2
-43.939535 -19.9176628 2
-43.94086 -19.9172291 2
-43.9412194 -19.9184547 2
-43.9399427 -19.9187976 2
-43.9412194 -19.9184547 2
-43.9415574 -19.9196702 2
-43.9402431 -19.9199929 2
-43.9406186 -19.9212588 2
-43.9392829 -19.9215362 2
-43.9389503 -19.920351 2
-43.9392722 -19.9215362 2
-43.9380383 -19.921854 2
-43.9383548 -19.9231047 2
-43.9370513 -19.9234023 2
-43.9383441 -19.9231098 2
-43.9386767 -19.924295 2
-43.9373732 -19.9246228 2
-43.9386874 -19.924305 2
-43.9399481 -19.9239974 2
-43.9396048 -19.9227668 2
-43.9383441 -19.9231148 2
-43.9396209 -19.922787 2
-43.9392829 -19.9215413 2
-43.940624 -19.921274 2
-43.9409459 -19.9223986 2
-43.9396101 -19.9227668 2
-43.9409512 -19.9224037 2
-43.9412946 -19.9236444 2
-43.9399481 -19.9240024 2
-43.9403236 -19.925238 2
-43.9390039 -19.9255659 0
-43.9387089 -19.9243101 2
-43.9390093 -19.9255759 0
-43.9377058 -19.9258785 0
-43.9373624 -19.9246329 2
-43.9377218 -19.9258584 0
-43.9360911 -19.9249808 2
-43.9377218 -19.9258785 0
-43.9364237 -19.9261862 2
-43.9367509 -19.9273966 0
-43.9380705 -19.9270536 0
-43.9383817 -19.9282943 0
-43.9371318 -19.9286574 0
-43.938387 -19.9283094 0
-43.938725 -19.9295097 0
-43.9374644 -19.9298778 0
-43.938725 -19.9295147 0
-43.9391166 -19.9307604 0
-43.9384353 -19.9309772 5
-43.9391112 -19.9307704 0
-43.9394653 -19.932011 0
-43.9403933 -19.9304679 0
-43.9391112 -19.9307654 0
-43.9387357 -19.9295248 0
-43.9400339 -19.929197 0
-43.9403987 -19.930483 0
-43.9400446 -19.929202 0
-43.9396799 -19.928032 0
-43.938387 -19.9283043 0
-43.938092 -19.9270587 0
-43.9377218 -19.9258584 0
-43.9390147 -19.9255759 0
-43.939358 -19.9267359 0
-43.9377272 -19.9258735 0
-43.9393634 -19.9267258 0
-43.9380813 -19.9270688 0
-43.9393687 -19.9267309 0
-43.939696 -19.928032 0
-43.9409298 -19.9276336 0
-43.9393687 -19.9267309 0
-43.9406669 -19.9264434 0
-43.940329 -19.925238 2
-43.9406723 -19.9264333 0
-43.9409351 -19.9276235 0
-43.9413697 -19.9288389 0
-43.9400393 -19.9292071 0
-43.941375 -19.928849 0
-43.9403933 -19.9304779 0
-43.9417505 -19.9301501 0
-43.9413643 -19.9288591 0
-43.9426303 -19.9285817 0
-43.9418203 -19.9281077 0
-43.941375 -19.9288591 0
-43.9418203 -19.9281127 0
-43.9409244 -19.9276286 0
-43.9422494 -19.9274218 0
-43.9426357 -19.9285716 0
-43.9422548 -19.9274369 0
-43.9419705 -19.9261257 0
-43.940683 -19.9264484 0
-43.9403397 -19.9252431 2
-43.9416271 -19.9249153 0
-43.9419651 -19.9261257 0
-43.9416379 -19.9249254 0
-43.9412946 -19.9236444 2
-43.942185 -19.922207 2
-43.9409512 -19.9224037 2
-43.9406133 -19.9212588 2
-43.94189 -19.9209209 2
-43.9402539 -19.9199929 2
-43.9418954 -19.9209209 2
-43.9421797 -19.922207 2
-43.9434886 -19.9218439 2
-43.9419061 -19.920926 2
-43.9415735 -19.9196802 2
-43.9423996 -19.9194634 2
-43.9420724 -19.918258 2
-43.9412141 -19.9184547 2
-43.9420724 -19.918263 2
-43.9416969 -19.9170274 2
-43.9425766 -19.9168458 2
-43.9428824 -19.9180512 2
-43.9420831 -19.918263 2
-43.9428771 -19.9180512 2
-43.9432204 -19.9192616 2
-43.9423996 -19.9194684 2
-43.9432204 -19.9192717 2
-43.9435637 -19.9205175 2
-43.9427322 -19.9207192 2
-43.942405 -19.9194785 2
-43.9427429 -19.9207041 2
-43.9431614 -19.9206082 2
-43.9435583 -19.9205175 2
-43.9431614 -19.9206234 2
-43.9427429 -19.9207041 2
-43.9431506 -19.9206032 2
-43.943494 -19.921854 2
-43.9419115 -19.920926 2
-43.9427483 -19.9207192 2
-43.9431667 -19.9206133 2
-43.9435852 -19.9205275 2
-43.9444757 -19.9202804 2
-43.9447546 -19.921511 2
-43.9434832 -19.9218388 2
-43.9437997 -19.9230492 2
-43.9425498 -19.923367 2
-43.9421904 -19.9222171 2
-43.9425445 -19.9233821 2
-43.9412946 -19.9236595 2
-43.9425659 -19.9233871 2
-43.9428824 -19.9245975 0
-43.9416271 -19.9249304 0
-43.9428878 -19.9246177 0
-43.9432043 -19.9258533 0
-43.9419651 -19.9261257 0
-43.9432043 -19.9258533 0
-43.9422494 -19.9274268 0
-43.9418042 -19.9281228 0
-43.9422601 -19.9274067 0
-43.9436066 -19.9270788 0
-43.9432204 -19.9258785 0
-43.9441538 -19.9242647 2
-43.9428878 -19.9245975 0
-43.9441592 -19.9242697 2
-43.9438051 -19.9230694 2
-43.9443898 -19.9229534 2
-43.9444274 -19.9223886 2
-43.9448726 -19.9219952 2
-43.9455593 -19.9220507 2
-43.9458972 -19.922434 9
-43.9458919 -19.9230845 9
-43.9454037 -19.9234124 0
-43.9446956 -19.9233821 2
-43.9443952 -19.9229686 2
-43.9444327 -19.9223734 2
-43.9434886 -19.9218489 2
-43.9447492 -19.9215161 2
-43.944878 -19.921975 2
-43.9455754 -19.9220507 2
-43.9460635 -19.9212235 2
-43.9447546 -19.9215211 2
-43.9444757 -19.9202855 2
-43.9441216 -19.91907 2
-43.9432257 -19.9192717 2
-43.944127 -19.9190851 2
-43.9438105 -19.9178141 2
-43.9428985 -19.9180461 2
-43.9438105 -19.9178091 2
-43.9434779 -19.9165835 2
-43.9447546 -19.9163061 2
-43.9450765 -19.9175368 2
-43.9463156 -19.9171131 2
-43.9453393 -19.9161397 2
-43.9463156 -19.9170879 2
-43.9467341 -19.9184496 2
-43.9479035 -19.9181521 2
-43.9463371 -19.9170929 2
-43.9479089 -19.9181268 2
-43.9493304 -19.917799 9
-43.9496362 -19.9190195 9
-43.948338 -19.9193423 9
-43.9479196 -19.918142 2
-43.9467341 -19.9184698 2
-43.9454412 -19.918727 2
-43.9450926 -19.9175468 2
-43.9438212 -19.9178293 2
-43.9441377 -19.9190801 2
-43.9454412 -19.9187371 2
-43.9457738 -19.9199173 2
-43.9444703 -19.9202703 2
-43.9457846 -19.9199223 2
-43.9470345 -19.9196349 2
-43.9467394 -19.9184748 2
-43.9470398 -19.9196349 2
-43.9483488 -19.9193373 9
-43.9486867 -19.9205477 9
-43.9473671 -19.9209008 9
-43.9470452 -19.9196449 2
-43.9473778 -19.9209159 9
-43.9460742 -19.9212286 9
-43.9457792 -19.9199274 2
-43.9460635 -19.9212387 2
-43.9463854 -19.9223785 9
-43.9458865 -19.9224491 9
-43.9463854 -19.9223734 9
-43.9467502 -19.9236393 9
-43.9458919 -19.9230997 9
-43.9467394 -19.9236393 9
-43.9454788 -19.9239873 0
-43.9454144 -19.9234073 7
-43.9454895 -19.9239671 0
-43.9441484 -19.9242697 2
-43.9447117 -19.923372 2
-43.9441431 -19.9242849 2
-43.9445078 -19.9255255 0
-43.943215 -19.9258584 0
-43.9445239 -19.9255306 0
-43.9448833 -19.9267157 0
-43.9435959 -19.9270637 0
-43.9448994 -19.9267309 0
-43.9452052 -19.9279211 0
-43.9439124 -19.9282489 0
-43.9436173 -19.9270738 0
-43.9439124 -19.928259 0
-43.9426303 -19.9285817 0
-43.942979 -19.9298223 0
-43.9417559 -19.93013 0
-43.942067 -19.9313655 0
-43.9407367 -19.931653 0
-43.9403933 -19.9304628 0
-43.9407313 -19.931658 0
-43.9394706 -19.932001 0
-43.9407581 -19.9316681 0
-43.9410907 -19.9329339 0
-43.9397711 -19.9332315 5
-43.9410961 -19.9329339 0
-43.9414179 -19.934109 0
-43.9400822 -19.9344317 5
-43.9400071 -19.9342552 5
-43.9400983 -19.9344468 5
-43.9403826 -19.935642 5
-43.9391273 -19.9359698 5
-43.9378291 -19.9362774 5
-43.93821 -19.9374978 5
-43.9368314 -19.9378307 5
-43.9382046 -19.9375029 5
-43.9385372 -19.9387031 5
-43.9371908 -19.939046 5
-43.9385372 -19.9387132 5
-43.938784 -19.9399789 5
-43.9372015 -19.9390611 5
-43.9387894 -19.9399638 5
-43.9374858 -19.9402865 5
-43.9388108 -19.9399638 5
-43.9401412 -19.9396562 5
-43.9398462 -19.9384106 5
-43.9385533 -19.9387182 5
-43.9398569 -19.9384156 5
-43.9394653 -19.93717 5
-43.93821 -19.9375079 5
-43.9394653 -19.9371801 5
-43.9391327 -19.9359849 5
-43.9404041 -19.9356521 5
-43.940742 -19.9368624 5
-43.939476 -19.9371801 5
-43.9407527 -19.9368725 5
-43.9411497 -19.938108 0
-43.9398569 -19.9384156 5
-43.9411551 -19.9381131 0
-43.9414608 -19.9393536 0
-43.9401358 -19.9396713 5
-43.9414555 -19.9393536 0
-43.9427269 -19.9390258 0
-43.9424533 -19.9377954 0
-43.9411443 -19.9381181 0
-43.9424694 -19.9378004 0
-43.9421421 -19.9365649 0
-43.9407527 -19.9368826 5
-43.9421475 -19.9365598 0
-43.9417344 -19.935284 0
-43.9414072 -19.934119 0
-43.9427644 -19.9337963 0
-43.9430594 -19.9349713 0
-43.9417291 -19.9353041 0
-43.9430594 -19.9349763 0
-43.9434135 -19.9362774 0
-43.9421475 -19.936575 0
-43.9434189 -19.9362825 0
-43.9437246 -19.9374575 0
-43.9424694 -19.9378155 0
-43.9437246 -19.9374726 0
-43.9439768 -19.9387232 0
-43.9427269 -19.9390359 0
-43.9439929 -19.9387384 0
-43.9449424 -19.9371549 0
-43.9437139 -19.9374676 0
-43.9449477 -19.937165 0
-43.9446688 -19.9359547 0
-43.9434189 -19.9362825 0
-43.9446688 -19.9359749 0
-43.9458704 -19.9356622 0
-43.9449531 -19.9371549 0
-43.9458758 -19.9356723 0
-43.9455807 -19.9344014 0
-43.9443523 -19.9347343 0
-43.9446688 -19.9359698 0
-43.9443362 -19.9347242 0
-43.9430702 -19.9349814 0
-43.9443737 -19.9347393 0
-43.944025 -19.9335139 0
-43.942759 -19.9338013 0
-43.9424157 -19.9325809 0
-43.9410907 -19.9329289 0
-43.9424211 -19.932596 0
-43.9420617 -19.9313554 0
-43.9432633 -19.9310075 0
-43.9437085 -19.9322682 0
-43.9424264 -19.9326061 0
-43.9437139 -19.9322733 0
-43.9440358 -19.933524 0
-43.9452481 -19.9331407 0
-43.9455968 -19.9343863 0
-43.9452535 -19.9331407 0
-43.9462352 -19.9342602 0
-43.9455968 -19.9344166 0
-43.9462405 -19.9342653 0
-43.9465517 -19.9354201 0
-43.9458704 -19.9356723 0
-43.9465785 -19.9354302 0
-43.9472276 -19.9352588 0
-43.9469272 -19.9340888 0
-43.9462405 -19.9342754 0
-43.9469272 -19.9340989 0
-43.948338 -19.934346 0
-43.948499 -19.9349814 7
-43.947233 -19.9352638 0
-43.9485043 -19.9349965 7
-43.9483488 -19.934351 0
-43.9481395 -19.9334534 7
-43.9478606 -19.9325254 7
-43.9465839 -19.9328179 0
-43.9469486 -19.934114 0
-43.9465946 -19.9328179 0
-43.9452535 -19.9331609 0
-43.9448458 -19.9319354 0
-43.9437085 -19.9322783 0
-43.9448512 -19.9319556 0
-43.9432847 -19.9310024 0
-43.9446688 -19.930715 0
-43.9448512 -19.9319556 0
-43.9462137 -19.9315824 0
-43.9465839 -19.932823 0
-43.9478821 -19.9325204 7
-43.9475602 -19.9312193 7
-43.9462245 -19.9315824 0
-43.945865 -19.930362 0
-43.9475602 -19.9312243 7
-43.9458758 -19.930367 0
-43.9446634 -19.9307099 0
-43.9442503 -19.9294895 0
-43.9458758 -19.930372 0
-43.9442611 -19.9294945 0
-43.9429843 -19.9298223 0
-43.9432794 -19.9310024 0
-43.942979 -19.9298274 0
-43.9442825 -19.9294895 0
-43.942641 -19.9285767 0
-43.9442879 -19.9295046 0
-43.9439178 -19.9282489 0
-43.9452213 -19.9279211 0
-43.9455217 -19.9291264 0
-43.9442825 -19.9294844 0
-43.9455324 -19.9291314 0
-43.9458704 -19.930367 0
-43.9471632 -19.9300795 7
-43.9475709 -19.9312243 7
-43.947174 -19.9300795 7
-43.9468414 -19.9288288 7
-43.9455271 -19.9291415 0
-43.9468467 -19.9288339 7
-43.9464712 -19.9276437 0
-43.945232 -19.9279311 0
-43.9464819 -19.9276487 0
-43.9461708 -19.9264232 0
-43.9448941 -19.9267409 0
-43.9461708 -19.9264232 0
-43.9458168 -19.9251775 0
-43.9445186 -19.9255406 0
-43.9458114 -19.9251775 0
-43.9454949 -19.9239873 0
-43.9467448 -19.9236544 9
-43.9470828 -19.92488 7
-43.9458007 -19.9251876 0
-43.9470881 -19.9249001 7
-43.9474207 -19.9260904 7
-43.9461654 -19.9264232 0
-43.9474261 -19.9261105 7
-43.9477801 -19.9273108 7
-43.9464766 -19.9276588 0
-43.9477694 -19.9273108 7
-43.9481074 -19.9285313 7
-43.9468521 -19.928849 7
-43.9481181 -19.9285464 7
-43.9484131 -19.9297517 7
-43.947174 -19.9300896 7
-43.9484185 -19.9297517 7
-43.9496469 -19.9295197 7
-43.9487565 -19.9309923 7
-43.9475709 -19.9312495 7
-43.9487725 -19.9309974 7
-43.9506608 -19.9305788 7
-43.9509827 -19.9317589 7
-43.9492768 -19.9322178 7
-43.9478552 -19.9325154 7
-43.9492875 -19.9322178 7
-43.950296 -19.932939 7
-43.9481395 -19.9334433 7
-43.9493412 -19.9331508 7
-43.9503068 -19.9329541 7
-43.9493412 -19.9331508 7
-43.9501727 -19.933761 7
-43.9483541 -19.9343258 7
-43.9501673 -19.9337711 7
-43.9507037 -19.9345023 7
-43.9485043 -19.9349965 7
-43.9507306 -19.9345074 7
-43.9523238 -19.9340636 7
-43.9507842 -19.933176 7
-43.950296 -19.932944 7
-43.9507735 -19.933181 7
-43.9513475 -19.9329743 7
-43.9509934 -19.9317539 7
-43.9516908 -19.9315773 7
-43.9520341 -19.9327978 7
-43.9513475 -19.9329743 7
-43.9520341 -19.9327978 7
-43.9523238 -19.9340585 7
-43.9536327 -19.9337106 7
-43.9533216 -19.9324851 7
-43.9520395 -19.9327978 7
-43.9533323 -19.93247 7
-43.9546734 -19.9321775 7
-43.9547002 -19.9326364 7
-43.9536273 -19.9337106 7
-43.9547056 -19.9326313 7
-43.9546573 -19.9321724 7
-43.9552528 -19.9320564 7
-43.9547056 -19.9326414 7
-43.9552528 -19.9320564 7
-43.9558053 -19.9313655 7
-43.9568514 -19.9303216 7
-43.9556068 -19.9306444 7
-43.9557999 -19.9313504 7
-43.9556068 -19.9306645 7
-43.9542711 -19.9309671 7
-43.9546734 -19.9321775 7
-43.9542657 -19.9309772 7
-43.9529943 -19.9312748 7
-43.9533323 -19.9324901 7
-43.9529997 -19.9312899 7
-43.9516747 -19.9315824 7
-43.9513475 -19.9303267 7
-43.9506716 -19.9305939 7
-43.9503014 -19.9293029 7
-43.9496469 -19.9295197 7
-43.949368 -19.9282539 7
-43.9481342 -19.9285716 7
-43.9493841 -19.928259 7
-43.9490569 -19.9269881 7
-43.9477855 -19.9273058 7
-43.949073 -19.9270032 7
-43.9487457 -19.9257928 7
-43.9474314 -19.9261105 7
-43.9487404 -19.9258079 7
-43.9484292 -19.924537 9
-43.9484292 -19.9245522 7
-43.9480323 -19.9233216 9
-43.9467555 -19.9236696 9
-43.9484346 -19.9245522 9
-43.9470881 -19.9249102 7
-43.9484346 -19.9245421 9
-43.9499849 -19.9254448 9
-43.9487457 -19.9257979 7
-43.9499956 -19.9254398 9
-43.9503765 -19.9266956 7
-43.949073 -19.9270082 7
-43.9503765 -19.9266905 7
-43.9506608 -19.9279362 7
-43.9493787 -19.928259 7
-43.9496684 -19.9295298 7
-43.9506769 -19.9279311 7
-43.9516371 -19.9263677 9
-43.9499956 -19.92546 9
-43.9496684 -19.9242647 9
-43.94844 -19.9245522 9
-43.949663 -19.9242798 9
-43.9493412 -19.9229887 9
-43.9480376 -19.9233065 9
-43.9477158 -19.9220658 9
-43.9464015 -19.9223835 9
-43.9477319 -19.9220708 9
-43.9473993 -19.920926 9
-43.9486814 -19.9205528 9
-43.9489818 -19.9217783 9
-43.9493465 -19.9229837 9
-43.9489764 -19.9217834 9
-43.9477372 -19.9220809 9
-43.9489818 -19.9217783 9
-43.9503014 -19.9214858 9
-43.9499903 -19.9202602 9
-43.9486921 -19.9205729 9
-43.9499903 -19.9202602 9
-43.9496362 -19.9190145 9
-43.9509505 -19.918722 9
-43.9506125 -19.9176578 9
-43.9493304 -19.917799 9
-43.9506179 -19.9176729 9
-43.952018 -19.9175569 9
-43.9522219 -19.918374 9
-43.9509398 -19.9187371 9
-43.9522272 -19.9183891 9
-43.9534932 -19.9180815 9
-43.9533377 -19.9174561 9
-43.9520341 -19.9175418 9
-43.9533377 -19.917451 9
-43.954668 -19.9178091 3
-43.9534932 -19.9180966 9
-43.954668 -19.917799 3
-43.9549685 -19.9179957 9
-43.9551294 -19.9189388 9
-43.9564866 -19.9186312 9
-43.9549738 -19.9180108 9
-43.9564866 -19.9186312 9
-43.9567924 -19.9199324 9
-43.9554513 -19.9202098 9
-43.9564919 -19.9186463 9
-43.9554673 -19.9202199 9
-43.9551401 -19.918954 9
-43.9538527 -19.919307 9
-43.9535093 -19.9181016 9
-43.9538473 -19.9193121 9
-43.9541745 -19.9205275 9
-43.9554513 -19.9202148 9
-43.9541745 -19.9205225 9
-43.9528656 -19.9208554 9
-43.9525384 -19.9196298 9
-43.9538741 -19.9193171 9
-43.9525437 -19.9196349 9
-43.9522272 -19.9184093 9
-43.9525491 -19.91965 9
-43.9512402 -19.9199223 9
-43.9509398 -19.9187321 9
-43.9512402 -19.9199324 9
-43.9499903 -19.9202602 9
-43.9512348 -19.9199375 9
-43.9515674 -19.9211832 9
-43.9528763 -19.9208554 9
-43.9515835 -19.9211731 9
-43.9503121 -19.9215009 9
-43.9506447 -19.9226912 9
-43.9493412 -19.9229938 9
-43.9506555 -19.9227063 9
-43.9509881 -19.923952 9
-43.9496738 -19.9242798 9
-43.9509988 -19.923952 9
-43.9512831 -19.9251473 9
-43.9499903 -19.925465 9
-43.9512831 -19.9251321 9
-43.9516318 -19.9263728 9
-43.9525759 -19.9248699 9
-43.951267 -19.9251321 9
-43.9525759 -19.9248749 9
-43.9523023 -19.9235889 9
-43.9510041 -19.9239722 9
-43.9523238 -19.923604 9
-43.9519429 -19.9223684 9
-43.9506501 -19.9227214 9
-43.951959 -19.9223785 9
-43.951562 -19.9211933 9
-43.952871 -19.9208604 9
-43.9532304 -19.9220557 9
-43.9519483 -19.9223684 9
-43.9532304 -19.9220607 9
-43.9545554 -19.9217531 9
-43.954196 -19.9205326 9
-43.9545554 -19.9217682 9
-43.955462 -19.9202098 9
-43.9558321 -19.9214354 9
-43.9571357 -19.9211025 9
-43.9567924 -19.9199425 9
-43.957141 -19.9211176 9
-43.9574575 -19.9223432 9
-43.9561647 -19.9226609 9
-43.9558589 -19.9214202 9
-43.9545554 -19.9217682 9
-43.9548558 -19.9229686 9
-43.9561701 -19.922671 9
-43.9548504 -19.9229585 9
-43.9535683 -19.9232762 9
-43.95455 -19.9217682 9
-43.9535844 -19.9232863 9
-43.9532411 -19.9220759 9
-43.9535683 -19.9232762 9
-43.9523131 -19.9236191 9
-43.9525867 -19.9248749 9
-43.9536059 -19.9232812 9
-43.9539009 -19.9244866 9
-43.9525813 -19.9248699 9
-43.9539117 -19.9244967 9
-43.9542389 -19.9257222 9
-43.9529568 -19.9260399 9
-43.9526188 -19.92488 9
-43.9516479 -19.9263728 9
-43.9529514 -19.9260399 9
-43.9516693 -19.9263677 9
-43.9503872 -19.9267107 7
-43.951664 -19.9263829 9
-43.9519912 -19.9276084 7
-43.9506716 -19.9279412 7
-43.9520073 -19.9276235 7
-43.9532626 -19.9272957 7
-43.9516425 -19.9263879 7
-43.9532679 -19.9273058 7
-43.9529461 -19.9260651 9
-43.9542496 -19.9257373 9
-43.9545822 -19.9269275 9
-43.9532733 -19.9272907 7
-43.9545929 -19.9269225 9
-43.955875 -19.9266401 9
-43.9571679 -19.926282 9
-43.9568514 -19.9250968 9
-43.9565134 -19.9238511 9
-43.9561862 -19.922676 9
-43.9574629 -19.9223533 9
-43.9577901 -19.9235485 9
-43.9565027 -19.9238612 9
-43.9578009 -19.9235586 9
-43.9581656 -19.9247791 9
-43.956846 -19.9251069 9
-43.9581603 -19.9247892 9
-43.9583856 -19.92605 9
-43.9571679 -19.9262921 9
-43.9583963 -19.9260551 9
-43.9579028 -19.9275378 9
-43.9575326 -19.9275781 9
-43.9571679 -19.9262971 9
-43.957538 -19.9275832 9
-43.9577097 -19.9280572 9
-43.9579082 -19.9275479 9
-43.9577311 -19.9280572 9
-43.957538 -19.9275882 9
-43.9561862 -19.9278605 9
-43.9558804 -19.9266552 9
-43.9561754 -19.9278605 9
-43.9548987 -19.9281984 9
-43.9545876 -19.9269427 9
-43.9548934 -19.9281984 7
-43.9565027 -19.9290759 7
-43.9561754 -19.9278605 9
-43.9565027 -19.9290659 9
-43.9573985 -19.9288843 9
-43.9577204 -19.9280623 9
-43.9574039 -19.9288994 9
-43.9572001 -19.9294391 9
-43.956508 -19.9290759 9
-43.956846 -19.9303267 7
-43.9572054 -19.9294391 9
-43.956508 -19.9290709 9
-43.955242 -19.9294088 7
-43.9556175 -19.9306696 7
-43.955242 -19.9293987 7
-43.9549041 -19.9281934 9
-43.9536059 -19.9285212 7
-43.9532894 -19.9272907 7
-43.9549041 -19.9282035 9
-43.9535952 -19.9285212 7
-43.9539492 -19.9297416 7
-43.9552528 -19.929429 7
-43.9539385 -19.9297467 7
-43.9542764 -19.9309722 7
-43.9539385 -19.9297517 7
-43.9526618 -19.9300493 7
-43.9530212 -19.9312899 7
-43.9526564 -19.9300594 7
-43.9513582 -19.9303267 7
-43.951031 -19.9291264 7
-43.9523184 -19.9288238 7
-43.9526778 -19.9300543 7
-43.9523131 -19.9288288 7
-43.9536059 -19.9285162 7
-43.953284 -19.9272907 7
-43.9520019 -19.9276286 7
-43.9523238 -19.9288087 7
-43.9503014 -19.9293382 7
-43.951031 -19.9291466 7
-43.9523077 -19.9288137 7
-43.9510524 -19.9291365 7
-43.9506555 -19.9279463 7
-43.9493787 -19.928269 7
-43.9481449 -19.9285615 7
-43.9468575 -19.928854 7
-43.9455271 -19.9291264 0
-43.944304 -19.9295097 0
-43.9429951 -19.9298425 0
-43.9417613 -19.9301754 0
-43.9403772 -19.9304477 0
-43.9391005 -19.9307704 0
-43.937856 -19.9311335 5
-43.9364719 -19.9314462 5
-43.9352167 -19.9317286 5
-43.933897 -19.9320716 5
-43.9325988 -19.932354 5
-43.9312685 -19.9326969 5
-43.929981 -19.9330701 5
-43.9290798 -19.9345527 5
-43.9282429 -19.9357832 8
-43.9280391 -19.9360959 5
-43.9271057 -19.9376088 8
-43.9280498 -19.9361261 5
-43.9282537 -19.9358034 8
-43.9290476 -19.9345326 5
-43.9299917 -19.9330096 8
-43.930968 -19.9314462 5
-43.9319015 -19.9298728 8
-43.9327168 -19.9285918 8
-43.93291 -19.9282489 8
-43.9338434 -19.9268569 10
-43.935324 -19.9245169 2
-43.9367509 -19.922086 2
-43.9377058 -19.9206738 2
-43.9373302 -19.9194331 2
-43.9370084 -19.9182025 2
-43.9366329 -19.9169416 2
-43.936429 -19.9161649 2
-43.9362359 -19.9154084 2
-43.9359999 -19.9144703 2
-43.9373302 -19.9141071 2
-43.9360213 -19.9144703 2
-43.9347017 -19.9147527 2
-43.934015 -19.9149746 2
-43.9331567 -19.9145207 2
-43.9316547 -19.9136734 4
-43.9318478 -19.9146316 4
-43.9306033 -19.9149242 4
-43.9318532 -19.9146316 4
-43.9316976 -19.9136935 4
-43.9331675 -19.9145308 2
-43.9340258 -19.9149797 2
-43.9342189 -19.9159178 2
-43.9346159 -19.917451 2
-43.9353883 -19.9173501 2
-43.9370191 -19.9182075 2
-43.9386231 -19.9190902 2
-43.9402485 -19.9200081 2
-43.9419115 -19.9209209 2
-43.9435047 -19.921854 2
-43.9447492 -19.9215211 2
-43.946085 -19.9212235 9
-43.9470452 -19.9196399 2
-43.9463317 -19.9170929 2
-43.9453501 -19.9161498 2
-43.9463264 -19.9170929 2
-43.9467448 -19.9184648 2
-43.9470452 -19.9196298 2
-43.9479089 -19.9181521 2
-43.9467502 -19.9184698 2
-43.9454412 -19.9187422 2
-43.9450979 -19.9175418 2
-43.9447492 -19.9163213 2
-43.9448404 -19.9155849 3
-43.9453554 -19.9161498 2
-43.9448404 -19.9155849 3
-43.9443415 -19.915025 2
-43.9430916 -19.9154033 2
-43.9422172 -19.9156252 2
-43.9414179 -19.915832 2
-43.9405221 -19.9160489 2
-43.9392507 -19.9163263 2
-43.9379418 -19.916639 2
-43.9377326 -19.9159279 2

1106 68 154.46465929752566
68 5 158.40658027019379
5 42 26.018040599520415
42 6 49.152826154442096
6 5 54.65496476081378
5 6 54.65496476081378
6 9 106.0105525922098
9 40 92.40139007866635
40 9 92.40139007866635
9 14 152.16340969307862
14 37 57.86510826678418
37 40 143.25612269036588
40 37 143.25612269036588
37 14 57.86510826678418
14 21 154.34075358162482
21 18 34.134278201385285
18 37 106.44751805897796
37 18 106.44751805897796
18 34 32.85123725642921
34 22 55.19160880490612
22 21 62.002813806469625
21 22 62.002813806469625
22 31 102.7265974320242
31 28 157.93012782100104
28 25 76.69555532047195
25 114 32.41701031491299
114 111 94.80424730722312
111 28 37.995695030153506
28 111 37.995695030153506
111 108 148.94550719664315
108 31 76.70573793327041
31 108 76.70573793327041
108 105 147.11138077761714
105 34 102.77919869422209
34 105 102.77919869422209
105 102 143.02247906778777
102 37 105.92882124606965
37 102 105.92882124606965
102 95 141.56585029991422
95 40 105.29456494002744
40 45 149.59182893876934
45 42 105.48751430790068
42 61 131.83928185993227
61 48 29.049873516925846
48 45 101.89903709155823
45 92 103.80933575013499
92 49 152.7615772331065
49 48 23.48534004638434
48 49 23.48534004638434
49 81 24.724076007436757
81 87 72.03484364219567
87 92 140.11865735619088
92 87 140.11865735619088
87 81 72.03484364219567
81 82 32.22049351478476
82 58 30.05112189816947
58 1098 102.47629949855039
1098 58 102.47629949855039
58 72 21.79323410676559
72 62 33.22694101335153
62 61 25.833395768783
61 62 25.833395768783
62 69 76.12274847082423
69 66 105.62230573950428
66 65 21.130001735244623
65 66 21.130001735244623
66 69 105.62230573950428
69 68 66.27909908957014
68 69 66.27909908957014
69 70 113.83346619231979
70 73 18.04796462727657
73 72 127.51044720899266
72 73 127.51044720899266
73 1104 33.929168352004034
1104 1106 103.33471324148076
1106 1104 103.33471324148076
1104 1098 107.00703421070587
1098 78 83.93886843703093
78 79 40.27944177578005
79 87 115.45261194470646
87 81 72.03484364219567
81 82 32.22049351478476
82 83 118.45862235422041
83 150 20.400304495959706
150 147 101.62724553169649
147 144 148.9321664504455
144 87 104.76737828314056
87 144 104.76737828314056
144 141 141.33532260414682
141 90 79.11854613230305
90 99 18.97178973449846
99 92 27.52096209515225
92 99 27.52096209515225
99 94 14.502326504154546
94 95 126.00348901856658
95 136 104.96229051336779
136 141 156.01784371993008
141 136 156.01784371993008
136 99 173.50800243622135
99 136 173.50800243622135
136 134 140.94999488154764
134 102 104.1366541627062
102 134 104.1366541627062
134 131 146.4400355324761
131 105 108.51032929691893
105 131 108.51032929691893
131 126 146.32751945683285
126 108 106.71695717693147
108 126 106.71695717693147
126 1571 148.70978291734085
1571 111 106.3178878711656
111 1571 106.3178878711656
1571 115 141.16894946902718
115 114 42.51005232307001
114 115 42.51005232307001
115 116 31.98162565993803
116 119 66.52934876034445
119 1571 144.72175041276878
1571 119 144.72175041276878
119 223 106.06412742633559
223 220 146.84896624406633
220 1571 107.31220096752037
1571 1572 158.68438365830718
1572 220 143.34487604696642
220 1572 143.34487604696642
1572 126 99.78609148306964
126 1572 99.78609148306964
1572 1573 34.4208399616105
1573 129 30.04416060590181
129 212 96.68353995329934
212 131 103.74830668238748
131 212 103.74830668238748
212 208 148.57479682377144
208 134 105.18638913942473
134 208 105.18638913942473
208 136 190.00732615395384
136 205 104.79201531580621
205 208 139.78006749541981
208 205 139.78006749541981
205 202 157.17218811094563
202 141 105.90671602897486
141 202 105.90671602897486
202 193 148.52156444980884
193 144 100.66761514457406
144 193 100.66761514457406
193 190 141.056703978293
190 147 106.43988715097754
147 155 131.03644605091097
155 151 112.80211361752949
151 150 35.913319126993684
150 151 35.913319126993684
151 152 23.26857135020265
152 1096 111.96681122535801
1096 154 86.66644330178104
154 155 19.44921689709594
155 160 15.322878901489366
160 157 92.77311236473464
157 164 42.61120222465509
164 189 88.96233588307554
189 160 105.07239083813526
160 189 105.07239083813526
189 186 105.51898248003083
186 177 126.8415325003403
177 164 38.21304823107196
164 177 38.21304823107196
177 171 111.37593262221421
171 167 80.32140169201321
167 1092 102.41179721890512
1092 1088 86.27160112252275
1088 1085 104.28337610557178
1085 171 101.23480883395732
171 172 41.317526384582315
172 173 56.70120358853307
173 892 67.30458603757256
892 180 127.72349430740412
180 176 130.02641262139093
176 177 38.35997526680508
177 186 126.8415325003403
186 1562 100.36029647635186
1562 180 93.6608356938391
180 1562 93.6608356938391
1562 1563 141.29772464372263
1563 186 189.5766044915514
186 1563 189.5766044915514
1563 191 102.98830204573513
191 186 148.01632170146135
186 191 148.01632170146135
191 190 108.44158190342246
190 189 144.82026485925553
189 190 144.82026485925553
190 191 108.44158190342246
191 200 140.47697050360878
200 193 108.20205234993114
193 200 108.20205234993114
200 1564 103.11476635789266
1564 1563 149.19712234479803
1563 1564 149.19712234479803
1564 1565 146.01567868169636
1565 203 105.02475806599176
203 200 147.91448680179684
200 203 147.91448680179684
203 202 104.38679793193207
202 203 104.38679793193207
203 239 148.14209947098172
239 205 105.63782895082647
205 239 105.63782895082647
239 236 145.59657378507677
236 208 106.30681189617917
208 1568 192.47284164305884
1568 236 141.65948687034378
236 1568 141.65948687034378
1568 212 101.60909007516995
212 1568 101.60909007516995
1568 1573 136.05935312454307
1573 215 32.20470863014061
215 230 80.10545568409954
230 1568 148.67268499734385
1568 230 148.67268499734385
230 227 150.68702389610905
227 220 101.8895107697977
220 227 101.8895107697977
227 224 140.65598702854103
224 223 103.15184605486499
223 224 103.15184605486499
224 264 105.98336239950102
264 257 145.09348777923412
257 227 104.69320844516778
227 257 104.69320844516778
257 261 144.6153907864031
261 230 103.9514473262636
230 261 103.9514473262636
261 251 147.8862970347292
251 1568 109.87927196226396
1568 251 109.87927196226396
251 1575 143.20359833319975
1575 236 103.06104774755896
236 1575 103.06104774755896
1575 1566 144.07139275179458
1566 239 103.23498198218563
239 1566 103.23498198218563
1566 1565 150.35349952053286
1565 304 105.3338785749095
304 1576 143.70499285091793
1576 1566 105.83464536583838
1566 1576 105.83464536583838
1576 289 145.8895631329155
289 1575 104.40259883453353
1575 1576 165.91517186090226
1576 289 145.8895631329155
289 284 148.12701295252882
284 251 101.37303447817472
251 284 101.37303447817472
284 279 148.24476618638727
279 261 104.33368282961689
261 279 104.33368282961689
279 267 144.9127662316646
267 257 108.03817726141173
257 267 108.03817726141173
267 261 198.0767004955975
261 1568 199.5654194857374
1568 261 199.5654194857374
261 267 198.0767004955975
267 265 147.76909303740487
265 264 107.2500733249939
264 265 107.2500733249939
265 273 101.61189596816396
273 267 193.6291838663422
267 277 103.74629290476541
277 273 148.50453306053637
273 270 21.1381414130105
270 429 109.66934430318817
429 432 72.65825566459552
432 273 133.27076618614993
273 432 133.27076618614993
432 429 72.65825566459552
429 426 140.44231206212814
426 277 103.47098526097167
277 282 146.31013261509605
282 279 106.50164295588519
279 282 106.50164295588519
282 425 104.91809616739069
425 282 104.91809616739069
282 287 144.2171504785531
287 284 106.67651575931762
284 287 106.67651575931762
287 406 106.10731835256264
406 287 106.10731835256264
287 292 148.6353488077838
292 289 106.08971654445294
289 292 106.08971654445294
292 405 105.78445517055056
405 292 105.78445517055056
292 297 144.1419438749028
297 1576 105.11205891506037
1576 297 105.11205891506037
297 388 103.92772004475421
388 297 103.92772004475421
297 1577 145.62094021619242
1577 1576 163.46398658720022
1576 1577 163.46398658720022
1577 304 108.45755281444949
304 1577 108.45755281444949
1577 326 197.26102601789438
326 304 147.79864222317468
304 326 147.79864222317468
326 1564 109.91353755570378
1564 326 109.91353755570378
326 1563 200.0934002217383
1563 323 107.10800475474937
323 326 144.90469436404555
326 323 144.90469436404555
323 320 150.65716150814356
320 1562 106.97404485663212
1562 320 106.97404485663212
320 889 145.69551364947225
889 1561 109.80869200130039
1561 889 109.80869200130039
889 886 104.72390861104765
886 339 149.11528913781214
339 320 106.60120405635656
320 339 106.60120405635656
339 336 142.23832408490608
336 323 104.88319143521674
323 336 104.88319143521674
336 333 152.2293067066817
333 326 103.97591851839746
326 333 103.97591851839746
333 1577 145.71935003535964
1577 359 103.45026835369856
359 1577 103.45026835369856
1577 1578 137.0645030096277
1578 1579 34.9130638507147
1579 333 112.33860329306738
333 1579 112.33860329306738
1579 349 138.4127448692577
349 336 107.58108956374143
336 349 107.58108956374143
349 346 147.5741042234513
346 339 107.48090408414666
339 346 107.48090408414666
346 883 146.37744797185866
883 886 109.72185088055237
886 883 109.72185088055237
883 882 103.76238047198443
882 597 150.5147984043232
597 346 101.89366155084222
346 597 101.89366155084222
597 1580 141.20099896093961
1580 349 100.75978312754818
349 1580 100.75978312754818
1580 366 142.19717875894682
366 1579 92.93629891163579
1579 366 92.93629891163579
366 364 151.38147563720423
364 359 103.12614554285123
359 358 94.94576880350213
358 1578 33.57090461627326
1578 358 33.57090461627326
358 359 94.94576880350213
359 388 145.8256024864217
388 1577 190.85064550682984
1577 388 190.85064550682984
388 384 106.57381575768487
384 364 146.40241588243967
364 373 106.34469633090251
373 366 201.4554723090971
366 367 238.7926922158448
367 578 142.8238733095353
578 474 441.9238094928627
474 471 61.00309361542705
471 394 40.66525792794512
394 375 150.11239014709838
375 373 200.79511170126062
373 383 145.56156827167456
383 375 109.66464492504626
375 398 131.27893336568985
398 391 106.28696722640028
391 383 135.92792267751713
383 402 164.08203296421883
402 391 97.75436832204065
391 402 97.75436832204065
402 384 148.43389626899403
384 383 105.85466079266529
383 384 105.85466079266529
384 388 106.57381575768487
388 405 149.7472842691927
405 402 110.70462601521503
402 388 202.3979536841741
388 402 202.3979536841741
402 412 193.09518189958922
412 391 159.25113935325157
391 398 106.28696722640028
398 393 74.93086685162164
393 394 25.558552472103326
394 471 40.66525792794512
471 479 146.14740469754747
479 416 105.86407673814556
416 398 158.02103913101146
398 416 158.02103913101146
416 412 102.62339715703489
412 409 107.64643266730464
409 402 144.07518492585868
402 409 144.07518492585868
409 406 105.02101642218483
406 405 145.7524317480167
405 406 145.7524317480167
406 425 142.5690911498372
425 420 102.96004297638174
420 409 138.88954549241106
409 420 138.88954549241106
420 419 102.29691869478283
419 412 135.34736108639612
412 468 194.26248532723056
468 419 112.90371784646918
419 468 112.90371784646918
468 416 146.50645294582756
416 468 146.50645294582756
468 461 158.89409783104782
461 419 152.5552456554314
419 420 102.29691869478283
420 427 145.8817979393977
427 461 109.5110786284412
461 427 109.5110786284412
427 426 105.21926474239073
426 425 148.44887758593057
425 426 148.44887758593057
426 427 105.21926474239073
427 445 148.91795073892328
445 429 108.24324003774983
429 445 108.24324003774983
445 433 110.5533275517693
433 432 50.67551918330985
432 433 50.67551918330985
433 436 93.38051694502055
436 445 150.78823741173292
445 436 150.78823741173292
436 441 50.63887012051716
441 438 28.48212332169939
438 452 53.68943337652803
452 449 69.52928152481962
449 441 78.92769939520122
441 449 78.92769939520122
449 452 69.52928152481962
452 455 145.5520637681085
455 445 102.51057276948364
445 461 163.80130632005623
461 455 145.90876446298418
455 452 145.5520637681085
452 449 69.52928152481962
449 498 145.54288326887882
498 495 144.24077824260786
495 452 104.3038919864662
452 495 104.3038919864662
495 492 145.85740161083226
492 455 105.99254718486857
455 492 105.99254718486857
492 459 73.60843337762319
459 458 104.2010470940267
458 459 104.2010470940267
459 465 71.88762373609492
465 461 102.50679580067971
461 465 102.50679580067971
465 468 144.5341636361614
468 489 192.46992230823912
489 465 105.19188048815903
465 489 105.19188048815903
489 482 144.4793734670811
482 468 103.19427992846454
468 479 164.05502342362655
479 477 79.10575989606043
477 471 97.47448314444236
471 477 97.47448314444236
477 575 78.83042967169207
575 474 40.52233572788354
474 575 40.52233572788354
575 542 140.6526895229169
542 477 95.73170578663735
477 542 95.73170578663735
542 479 104.06144249853436
479 542 104.06144249853436
542 531 148.39362833771438
531 482 106.602019250702
482 531 106.602019250702
531 528 144.51301435396505
528 489 106.41676989046657
489 528 106.41676989046657
528 515 147.18111560711156
515 493 105.39442795968942
493 489 149.4867571291119
489 515 197.32991527946126
515 493 105.39442795968942
493 492 107.25943546081076
492 493 107.25943546081076
493 502 143.23908000169138
502 495 107.91035164242795
495 502 107.91035164242795
502 499 147.1621818063664
499 498 105.95856026469586
498 499 105.95856026469586
499 509 105.62325513577656
509 506 148.01939957494017
506 502 102.06028919119684
502 506 102.06028919119684
506 515 143.55450186619802
515 513 193.13073701643674
513 506 105.85983849476114
506 513 105.85983849476114
513 510 147.84698111154546
510 509 108.60744238654405
509 510 108.60744238654405
510 511 98.7555724773411
511 519 144.28710752767063
519 513 106.25849916070209
513 526 147.21697306155846
526 515 103.74690111586261
515 526 103.74690111586261
526 523 51.16308075806408
523 520 54.80471808686774
520 519 144.65177837610148
519 520 144.65177837610148
520 534 147.3585510780699
534 524 52.36058042413025
524 523 145.63284676496644
523 524 145.63284676496644
524 529 50.76144535391307
529 526 145.09243371896238
526 529 145.09243371896238
529 528 105.88852244403755
528 529 105.88852244403755
529 540 144.01793051710007
540 531 104.85720373621251
531 540 104.85720373621251
540 535 105.13363419151474
535 534 141.24863356442776
534 535 141.24863356442776
535 553 36.953249177421256
553 551 71.19216329839574
551 549 58.87796675078866
549 543 104.33619919175088
543 540 151.56042075146138
540 543 151.56042075146138
543 542 103.34893499860836
542 543 103.34893499860836
543 546 147.88055001431698
546 575 105.67563752777399
575 546 105.67563752777399
546 572 107.41245315741719
572 548 67.49305625838872
548 549 89.11598878259261
549 550 29.84823726490854
550 551 29.12058866983589
551 552 35.684237430806554
552 553 35.52050199477265
553 560 286.6300572417763
560 555 123.3510653634369
555 556 29.23216868912204
556 568 103.53083787140565
568 563 62.37787860908474
563 646 95.43460068969064
646 560 26.00141548968522
560 646 26.00141548968522
646 643 99.46352280926543
643 563 14.129089721982481
563 643 14.129089721982481
643 640 137.67867840496436
640 631 149.71224959622728
631 630 53.12666238391128
630 568 213.58939969076934
568 630 213.58939969076934
630 576 74.24784177892047
576 573 116.14915372219764
573 572 107.06697055861756
572 573 107.06697055861756
573 576 116.14915372219764
576 575 225.10671356261687
575 576 225.10671356261687
576 579 294.1901160634521
579 578 63.07691322432655
578 579 63.07691322432655
579 580 130.056710251613
580 581 243.79485270914373
581 619 101.04675476236767
619 716 55.13220268580159
716 717 93.58424529842641
717 614 166.60310653677985
614 611 107.3638370786879
611 716 166.1445387552902
716 611 166.1445387552902
611 608 97.879923253829
608 619 161.3739116674583
619 608 161.3739116674583
608 1582 103.30262681430986
1582 1581 251.46078141346533
1581 1580 249.73176195554888
1580 1581 249.73176195554888
1581 880 93.01668700226895
880 597 167.1781182883363
597 880 167.1781182883363
880 882 103.59947622446178
882 880 103.59947622446178
880 878 143.9908598927448
878 857 104.67776435968575
857 880 165.66711964775251
880 857 165.66711964775251
857 1582 110.83260342528519
1582 855 144.25206818267026
855 1583 101.70536707730976
1583 608 148.4068729647259
608 1583 148.4068729647259
1583 1584 108.0048832619061
1584 611 143.83725801063724
611 1584 143.83725801063724
1584 1605 104.29896484268234
1605 614 142.02313667757014
614 1604 101.08434800322489
1604 1603 86.20366585178989
1603 617 108.84577710198901
617 618 99.60296607841913
618 619 44.962115666906556
619 716 55.13220268580159
716 715 193.56429987727728
715 636 108.3477962792966
636 623 97.32585017421638
623 636 97.32585017421638
636 633 60.15070234572767
633 626 70.35743954688336
626 633 70.35743954688336
633 628 55.46649313882009
628 629 140.57747859637132
629 630 141.04734028255962
630 631 53.12666238391128
631 638 62.96796485985741
638 633 258.3339884976728
633 638 258.3339884976728
638 656 53.94365937139609
656 636 263.521739923481
636 656 263.521739923481
656 638 53.94365937139609
638 653 145.20960388871063
653 640 67.44014462206519
640 653 67.44014462206519
653 650 138.86855073592625
650 643 60.864603574495
643 650 60.864603574495
650 647 105.89251920691287
647 646 66.70706260435823
646 647 66.70706260435823
647 666 69.07044154969705
666 663 109.64786912810541
663 650 75.03668450240903
650 663 75.03668450240903
663 660 137.23340192684748
660 653 72.25044693358166
653 660 72.25044693358166
660 657 142.46576895947732
657 656 19.430208186965853
656 657 19.430208186965853
657 708 88.75529186340978
708 661 149.25307040669355
661 660 84.53865682576313
660 661 84.53865682576313
661 680 132.3377223885915
680 663 89.52620634883156
663 680 89.52620634883156
680 667 105.58672248439441
667 666 90.34801717843071
666 667 90.34801717843071
667 673 43.9723278616436
673 693 140.34325326140373
693 670 58.68761455876322
670 690 156.90840365267027
690 1597 67.64314831587183
1597 673 325.96414072900296
673 1597 325.96414072900296
1597 688 56.57807370339372
688 678 168.49866241860678
678 677 55.23517912965069
677 678 55.23517912965069
678 681 46.01132192295193
681 680 107.8965043536918
680 681 107.8965043536918
681 682 54.0343221664302
682 703 145.53544023483462
703 708 56.190680466653525
708 703 56.190680466653525
703 705 92.28793017612912
705 687 65.38534070035885
687 688 41.9352275108342
688 1597 56.57807370339372
1597 690 67.64314831587183
690 695 70.94861400376956
695 694 144.2456280634256
694 693 60.44813479222287
693 694 60.44813479222287
694 695 144.2456280634256
695 696 76.53327571543602
696 1599 105.96822218517521
1599 700 155.31927996647215
700 705 87.16023747591079
705 700 87.16023747591079
700 711 97.51471953994455
711 706 139.99556978224612
706 703 31.811940272945456
703 706 31.811940272945456
706 705 60.51128125200111
705 706 60.51128125200111
706 714 107.57783308743016
714 708 99.70852711564157
708 714 99.70852711564157
714 712 136.99164120604942
712 711 106.98774315619836
711 712 106.98774315619836
712 715 93.33110001267177
715 714 174.34174489425217
714 715 174.34174489425217
715 716 193.56429987727728
716 717 93.58424529842641
717 718 101.33354801997788
718 1603 76.25249341602655
1603 1602 130.77172450737874
1602 721 71.34910285093746
721 1600 127.59985118046984
1600 1599 176.61910667534863
1599 1601 278.54256245583105
1601 1602 78.32074952836204
1602 734 79.50227039254374
734 1604 139.94873696777987
1604 734 139.94873696777987
734 1592 82.2791590691058
1592 1601 77.28009665437312
1601 1592 77.28009665437312
1592 1591 148.36499627107554
1591 1588 79.00617112649304
1588 734 148.31539820450595
734 1588 148.31539820450595
1588 1586 130.7678126071411
1586 1604 142.1252201040379
1604 1586 142.1252201040379
1586 1605 110.3276486231814
1605 762 143.6973744906246
762 1606 103.97878557815504
1606 1605 191.79660996299657
1605 1606 191.79660996299657
1606 1584 146.26983113705305
1584 1606 146.26983113705305
1606 1583 162.95497537277703
1583 1606 162.95497537277703
1606 853 107.55839507267541
853 1583 140.68556547279772
1583 853 140.68556547279772
853 1607 146.8481358564327
1607 1606 195.0575474685593
1606 847 148.4922249154849
847 1607 102.9555545000686
1607 847 102.9555545000686
847 844 101.75033841295284
844 1606 152.97098132326101
1606 762 103.97878557815504
762 844 139.36997373795901
844 1631 111.8576862316192
1631 1632 147.58440405893614
1632 762 106.88459860925664
762 1632 106.88459860925664
1632 1586 147.44867497624708
1586 1587 66.35026123884836
1587 766 143.57503444777527
766 1587 143.57503444777527
1587 1633 146.08893525973133
1633 773 75.04393587303831
773 1588 148.5712108134141
1588 1591 79.00617112649304
1591 1590 148.32810957503622
1590 773 77.84960821009027
773 804 142.29432237912735
804 1631 134.7107944873104
1631 804 134.7107944873104
804 785 70.12535385174698
785 1590 138.2236325444481
1590 785 138.2236325444481
785 782 66.52503557142961
782 1590 139.00754589838948
1590 782 139.00754589838948
782 790 140.68703724644038
790 802 123.57970037420945
802 785 154.0148737001603
785 802 154.0148737001603
802 800 91.54727254432736
800 792 75.32901058009463
792 791 94.99617031905976
791 790 107.02774311984308
790 791 107.02774311984308
791 792 94.99617031905976
792 793 242.62883892058545
793 819 53.69411918883559
819 816 79.61813205473265
816 798 99.24076155891613
798 1628 67.1952650559665
1628 798 67.1952650559665
798 813 84.35450545099118
813 800 133.0444172011592
800 805 104.63603066276546
805 802 76.49038580674096
802 805 76.49038580674096
805 804 150.14814396348746
804 805 150.14814396348746
805 810 61.79943256567893
810 842 148.06829445145712
842 810 148.06829445145712
810 813 101.64582403692016
813 810 101.64582403692016
810 1630 74.71882730572392
1630 1629 101.04517148454374
1629 813 74.55140706532966
813 1629 74.55140706532966
1629 1628 90.34969328686832
1628 816 110.75200222765477
816 1627 69.40989348161871
1627 1626 142.1598606212531
1626 819 105.43054878536556
819 1626 105.43054878536556
1626 1624 144.37893792506452
1624 1622 68.74834418275618
1622 1022 142.81540568658195
1022 1627 104.01817448778576
1627 1022 104.01817448778576
1022 954 102.33455492601468
954 1628 105.81853957165895
1628 1627 98.77537202990104
1627 1628 98.77537202990104
1628 954 105.81853957165895
954 953 98.82581220875268
953 1629 100.85499279410196
1629 953 100.85499279410196
953 845 94.38835551178565
845 1630 101.92069430276473
1630 845 101.92069430276473
845 844 151.28392169323934
844 1630 169.7613330984765
1630 1631 143.01147561118802
1631 842 67.68840654542193
842 1633 148.82367648067967
1633 842 148.82367648067967
842 1631 67.68840654542193
1631 844 111.8576862316192
844 845 151.28392169323934
845 951 105.97241533007428
951 847 143.92417828227332
847 951 143.92417828227332
951 948 106.18447674093032
948 1607 149.55740109422837
1607 941 108.28647682536402
941 866 149.5520810157603
866 853 102.46347555216275
853 866 102.46347555216275
866 855 140.54935153210604
855 864 106.77909817599632
864 857 145.4872430364137
857 864 145.4872430364137
864 875 104.17808570719914
875 878 151.83928695167566
878 875 151.83928695167566
875 872 139.88755537339853
872 869 106.07377181522925
869 864 143.41461769100528
864 869 143.41461769100528
869 866 104.8943730667012
866 941 149.5520810157603
941 940 99.29125046281682
940 869 151.8358985512356
869 940 151.8358985512356
940 982 107.80083489534827
982 872 152.12291254879455
872 934 108.70017744732692
934 905 149.62721739071642
905 875 107.15867277013669
875 905 107.15867277013669
905 907 145.03720657869727
907 878 107.53941831160438
878 907 107.53941831160438
907 880 195.40873666590883
880 907 195.40873666590883
907 882 146.99325649612732
882 883 103.76238047198443
883 909 150.14684303492282
909 902 104.85168588337541
902 886 142.31889046275336
886 902 142.31889046275336
902 897 105.3740162641425
897 889 144.07076287757042
889 897 144.07076287757042
897 1560 107.90923821541932
1560 892 75.75307591538824
892 1560 75.75307591538824
1560 1085 107.01839681790975
1085 1559 160.31144989765676
1559 1560 144.20209411389723
1560 897 107.90923821541932
897 919 147.07318753829173
919 1559 106.44471155039695
1559 919 106.44471155039695
919 911 101.76472258042796
911 902 147.07832120405862
902 909 104.85168588337541
909 907 103.7222233600191
907 905 145.03720657869727
905 913 100.72966735898916
913 907 194.9476183397485
907 913 194.9476183397485
913 909 145.59430431377018
909 913 145.59430431377018
913 911 110.61141621325986
911 928 140.27887137597875
928 913 187.2794807329793
913 933 147.7841318696442
933 934 104.0156216731188
934 933 104.0156216731188
933 928 98.47659967265301
928 926 110.75367124952547
926 919 151.01809507585904
919 926 151.01809507585904
926 1559 168.9922456638045
1559 1558 155.33496128915948
1558 926 114.06297171109426
926 1220 142.48207921730292
1220 991 99.86394191009582
991 926 75.95171059212632
926 991 75.95171059212632
991 928 105.500729734512
928 992 149.47653894142968
992 1220 103.02608133602135
1220 992 103.02608133602135
992 988 107.94103039735246
988 933 144.79228608203206
933 934 104.0156216731188
934 985 145.230790579614
985 988 103.05112665941425
988 985 103.05112665941425
985 982 108.5166983945332
982 980 152.69942571263496
980 940 138.501486607283
940 941 99.29125046281682
941 1608 146.77330704927712
1608 1607 198.7799074986317
1607 1608 198.7799074986317
1608 980 108.58043552982339
980 1609 148.91443839789954
1609 1608 192.22054642137738
1608 948 106.4537502348531
948 963 93.79728623158911
963 956 103.93322847150901
956 951 97.77445535832646
951 956 97.77445535832646
956 953 108.0828082065516
953 954 98.82581220875268
954 1020 102.7875589510172
1020 956 92.25828863420749
956 1020 92.25828863420749
1020 1017 104.8963186876834
1017 963 92.68797512934795
963 1017 92.68797512934795
1017 974 108.44332921561325
974 972 94.25388548003363
972 963 106.66162757321968
963 972 106.66162757321968
972 973 47.25992958893367
973 974 47.00743282754285
974 973 47.00743282754285
973 972 47.25992958893367
972 973 47.25992958893367
973 1609 106.45126491747843
1609 1608 192.22054642137738
1608 972 94.37737711756544
972 973 47.25992958893367
973 974 47.00743282754285
974 1043 100.48877297214912
1043 1610 105.08816657578119
1610 1609 140.83685563034186
1609 998 103.12575312703649
998 983 140.03136758709186
983 980 102.7811662348401
980 983 102.7811662348401
983 982 142.93846391584947
982 983 142.93846391584947
983 996 103.54814764937007
996 985 142.6046708319542
985 996 142.6046708319542
996 1069 107.55915028358524
1069 988 140.5260214390954
988 1069 140.5260214390954
1069 992 163.42690896332624
992 991 76.6241679524048
991 992 76.6241679524048
992 1076 153.15004945217254
1076 1069 107.3266576331809
1069 1067 163.0702088745144
1067 996 141.71761046944172
996 1067 141.71761046944172
1067 998 104.55969514006493
998 1007 66.06419082367506
1007 1008 47.96459445329732
1008 1011 58.9153499509806
1011 1012 77.72687317486617
1012 1057 47.0933629688499
1057 1060 52.23299715987961
1060 1063 58.52081588237085
1063 1066 78.12923087946461
1066 1007 47.80693282565583
1007 1008 47.96459445329732
1008 1609 111.2234463611166
1609 1610 140.83685563034186
1610 1011 39.14884460445907
1011 1012 77.72687317486617
1012 1611 87.26944636044482
1611 1610 150.33287409593274
1610 1043 105.08816657578119
1043 1040 102.44825025058567
1040 1017 102.49418160418575
1017 1040 102.49418160418575
1040 1039 106.39604792006082
1039 1020 103.9891968077989
1020 1039 103.9891968077989
1039 1022 107.04241755160943
1022 1622 142.81540568658195
1622 1621 105.36431478938589
1621 1615 141.17707353156135
1615 1624 131.80371327904177
1624 1615 131.80371327904177
1615 1619 120.14723595087703
1619 1618 131.24640409156336
1618 1615 195.31381478843988
1615 1618 195.31381478843988
1618 1369 160.46793229686253
1369 1366 103.32009851630303
1366 1048 145.37273607925906
1048 1618 106.96383987996289
1618 1619 131.24640409156336
1619 1620 147.07930863614183
1620 1621 103.64259158786145
1621 1039 143.72104209658931
1039 1040 106.39604792006082
1040 1620 147.35188253999178
1620 1054 102.29079519818016
1054 1043 148.01577647029086
1043 1054 148.01577647029086
1054 1617 142.68115971421528
1617 1619 98.72241272874531
1619 1617 98.72241272874531
1617 1048 146.7355026024178
1048 1364 106.27014967678062
1364 1355 146.41460843980704
1355 1617 111.24527164765718
1617 1355 111.24527164765718
1355 1611 147.9734829638674
1611 1054 109.45689114353954
1054 1611 109.45689114353954
1611 1353 99.54203524106701
1353 1057 57.46408564798043
1057 1353 57.46408564798043
1353 1331 110.48432976858042
1331 1060 106.30432156037534
1060 1331 106.30432156037534
1331 1243 142.36987499839486
1243 1063 47.41350688351953
1063 1243 47.41350688351953
1243 1067 152.08834377793545
1067 1066 96.76076326580062
1066 1067 96.76076326580062
1067 1241 109.1018214821426
1241 1069 147.07436015516794
1069 1241 147.07436015516794
1241 1238 105.00552397188646
1238 1076 144.36213402949664
1076 1238 144.36213402949664
1238 1235 102.66101632292877
1235 1222 148.23438797896932
1222 1076 100.07355387650762
1076 1222 100.07355387650762
1222 1220 144.28695145113988
1220 1557 108.97297411711342
1557 1558 139.6698593983013
1558 1168 100.44356324465107
1168 1086 147.00400153636045
1086 1559 106.73098696619277
1559 1086 106.73098696619277
1086 1085 145.53087731550053
1085 1086 145.53087731550053
1086 1166 107.75927679123231
1166 1088 148.6213118126275
1088 1166 148.6213118126275
1166 1134 101.81367666911753
1134 1093 147.79535855672412
1093 1092 18.420645309223897
1092 1093 18.420645309223897
1093 1116 102.5613085670666
1116 1115 143.77132009776133
1115 1096 146.73585163361696
1096 1113 107.47975357865697
1113 1098 155.35482584980232
1098 1113 155.35482584980232
1113 1110 104.39241343985066
1110 1104 152.70227183967336
1104 1110 152.70227183967336
1110 1107 104.01984542196891
1107 1104 192.94131820487303
1104 1107 192.94131820487303
1107 1106 149.484616009167
1106 1107 149.484616009167
1107 1124 149.0834267096427
1124 1121 105.47155814231023
1121 1110 146.86778706421612
1110 1121 146.86778706421612
1121 1118 107.84637084054467
1118 1113 143.10749935706963
1113 1118 143.10749935706963
1118 1115 103.26345246811955
1115 1116 143.77132009776133
1116 1131 106.11391347597092
1131 1118 143.85233320566792
1118 1131 143.85233320566792
1131 1128 108.31649875373728
1128 1121 145.02483707933
1121 1128 145.02483707933
1128 1125 105.04643900714652
1125 1124 148.83522192867386
1124 1125 148.83522192867386
1125 1146 143.55083238241417
1146 1143 102.06995838286994
1143 1128 149.22417992474027
1128 1143 149.22417992474027
1143 1140 105.81989009893456
1140 1131 156.93305148527426
1131 1140 156.93305148527426
1140 1137 112.12507392714495
1137 1134 101.64614377630616
1134 1164 152.35028879296112
1164 1161 100.8547264734146
1161 1137 151.2465395360745
1137 1161 151.2465395360745
1161 1152 111.40972506949416
1152 1140 143.2051678775723
1140 1152 143.2051678775723
1152 1149 100.63031943865386
1149 1143 141.0703989343579
1143 1149 141.0703989343579
1149 1147 106.62790237780717
1147 1146 142.67994591873827
1146 1147 142.67994591873827
1147 1155 165.96164564748082
1155 1149 139.95874993196287
1149 1155 139.95874993196287
1155 1159 100.24748915749177
1159 1152 141.12853410058088
1152 1159 141.12853410058088
1159 1181 135.63055408023277
1181 1155 156.69891068185603
1155 1181 156.69891068185603
1181 1178 105.29076645371664
1178 1162 138.3472900374465
1162 1159 104.08513094702346
1159 1162 104.08513094702346
1162 1161 146.13170420223517
1161 1162 146.13170420223517
1162 1173 104.5403679849175
1173 1164 143.60282365002033
1164 1171 102.82529706899399
1171 1166 150.6568547942859
1166 1171 150.6568547942859
1171 1168 108.27949320181231
1168 1217 138.23621587996067
1217 1199 112.98459162441578
1199 1171 144.86601408584085
1171 1199 144.86601408584085
1199 1173 106.41397711341308
1173 1197 138.4045702348999
1197 1178 107.78260415879238
1178 1197 107.78260415879238
1197 1185 141.53406600029675
1185 1178 72.41495975948118
1178 1185 72.41495975948118
1185 1182 100.02359986417535
1182 1181 81.04281849292225
1181 1182 81.04281849292225
1182 1189 73.93897664248463
1189 1195 97.5623107581496
1195 1185 79.73759112186617
1185 1195 79.73759112186617
1195 1275 157.0896687106723
1275 1278 56.36806373858013
1278 1189 142.87621619597508
1189 1278 142.87621619597508
1278 1275 56.36806373858013
1275 1270 74.74861201459511
1270 1267 80.9096206295663
1267 1205 143.39779080610822
1205 1195 111.27910817995864
1195 1205 111.27910817995864
1205 1197 150.29063135292128
1197 1203 106.58760878431495
1203 1199 129.58281745209297
1199 1203 129.58281745209297
1203 1217 190.6742684648007
1217 1212 155.5604151527676
1212 1203 102.15929051429714
1203 1208 155.50246956929806
1208 1205 107.30100288288237
1205 1267 143.39779080610822
1267 1262 106.41860764151743
1262 1208 151.96839760428395
1208 1227 105.20488619032052
1227 1262 201.78977785397547
1262 1227 201.78977785397547
1227 1212 136.90726662979299
1212 1556 104.3005717728618
1556 1227 187.15839601023927
1227 1556 187.15839601023927
1556 1557 147.86720668440313
1557 1217 98.3320224335291
1217 1557 98.3320224335291
1557 1556 147.86720668440313
1556 1220 199.38245084856197
1220 1556 199.38245084856197
1556 1222 109.93916258649296
1222 1235 148.23438797896932
1235 1555 101.40572611286483
1555 1556 139.34027185882277
1556 1555 139.34027185882277
1555 1227 106.64926997322318
1227 1258 146.54644974236112
1258 1262 103.02868913241868
1262 1258 103.02868913241868
1258 1554 105.24037130958415
1554 1555 149.43107498271206
1555 1554 149.43107498271206
1554 1252 104.86774594038995
1252 1235 140.00607748877627
1235 1252 140.00607748877627
1252 1249 105.04614630276505
1249 1238 143.53972083991124
1238 1249 143.53972083991124
1249 1246 107.15051371253023
1246 1241 145.24702350428188
1241 1246 145.24702350428188
1246 1243 102.17442134543377
1243 1331 142.36987499839486
1331 1333 106.22793869287393
1333 1246 144.7676132841821
1246 1333 144.7676132841821
1333 1326 103.63214280015468
1326 1249 142.88911221001118
1249 1326 142.88911221001118
1326 1323 103.7078059428508
1323 1252 148.16858464093588
1252 1323 148.16858464093588
1323 1553 108.42462079306023
1553 1554 144.95899044779821
1554 1553 144.95899044779821
1553 1259 100.2640229192016
1259 1258 140.91334543549212
1258 1259 140.91334543549212
1259 1343 140.01566569764856
1343 1263 154.23534852156223
1263 1262 135.0363447707834
1262 1263 135.0363447707834
1263 1316 213.48291314707413
1316 1285 99.7449239399379
1285 1268 193.1681296860491
1268 1267 160.9277563592077
1267 1268 160.9277563592077
1268 1282 126.3121892303524
1282 1270 242.94057458672347
1270 1273 135.57123398623935
1273 1282 107.37999520723902
1282 1273 107.37999520723902
1273 1276 104.42534297548183
1276 1275 206.32907546170082
1275 1276 206.32907546170082
1276 1279 86.08586016337902
1279 1278 250.4634444222063
1278 1279 250.4634444222063
1279 1290 180.6527340802679
1290 1283 186.10108266818474
1283 1282 56.363443678112205
1282 1283 56.363443678112205
1283 1288 65.90083654561217
1288 1285 105.56946556085543
1285 1314 76.94171781264423
1314 1293 105.64650001368192
1293 1288 78.18343730283111
1288 1293 78.18343730283111
1293 1290 106.01282595372447
1290 1297 147.5012647432633
1297 1312 103.30604196554293
1312 1293 145.75268921386765
1293 1312 145.75268921386765
1312 1309 151.10924406411434
1309 1301 37.40744676578013
1301 1297 147.37793721582733
1297 1301 147.37793721582733
1301 1309 37.40744676578013
1309 1302 65.107615163121
1302 1301 76.82142260395553
1301 1302 76.82142260395553
1302 1306 83.10566794014574
1306 1519 142.34366454210144
1519 1523 139.24745408658114
1523 1306 58.28218986982662
1306 1523 58.28218986982662
1523 1533 150.97799561294664
1533 1309 106.32811019086104
1309 1533 106.32811019086104
1533 1536 141.7792241721988
1536 1312 102.35277290930316
1312 1536 102.35277290930316
1536 1314 151.4425058578546
1314 1538 106.7553866319117
1538 1316 79.24683220456667
1316 1547 108.86836573323141
1547 1343 71.99547587468233
1343 1552 106.20509788405644
1552 1553 139.0853734964185
1553 1552 139.0853734964185
1552 1339 106.75783407317604
1339 1323 145.03679236641625
1323 1339 145.03679236641625
1339 1336 103.73998576671322
1336 1326 148.1738969144443
1326 1336 148.1738969144443
1336 1348 105.61038516875476
1348 1348 0.0
1348 1351 109.54005144818684
1351 1331 145.40723295100983
1331 1348 200.12863879748488
1348 1333 152.93578056789758
1333 1348 152.93578056789758
1348 1420 187.19300904575707
1420 1336 140.84744437322635
1336 1420 140.84744437322635
1420 1469 109.28905159023182
1469 1339 147.9624000839173
1339 1469 147.9624000839173
1469 1551 103.56827543609559
1551 1552 144.21247460305764
1552 1343 106.20509788405644
1343 1551 167.88956486275646
1551 1475 166.3604094430155
1475 1420 197.96276582035213
1420 1417 101.4317585625879
1417 1348 138.8220760825504
1348 1417 138.8220760825504
1417 1414 109.6480092058561
1414 1351 147.003660946534
1351 1360 103.89428744955293
1360 1353 150.38615597499424
1353 1360 150.38615597499424
1360 1355 100.02520288340061
1355 1364 146.41460843980704
1364 1361 101.97705006298605
1361 1414 105.42925677978991
1414 1361 105.42925677978991
1361 1360 140.4063134146804
1360 1361 140.4063134146804
1361 1412 149.47925208770508
1412 1407 105.81893893850707
1407 1364 146.41247757345909
1364 1407 146.41247757345909
1407 1366 107.45881387035826
1366 1405 146.60785520497922
1405 1370 92.24121171131824
1370 1369 143.41343626461114
1369 1370 143.41343626461114
1370 1377 157.7073176547639
1377 1402 72.86526245284959
1402 1405 145.37259950857708
1405 1402 145.37259950857708
1402 1393 144.5811246441522
1393 1378 55.59474896033823
1378 1377 145.02797545853412
1377 1378 145.02797545853412
1378 1381 150.42767680653145
1381 1393 131.0158861237303
1393 1381 131.0158861237303
1381 1385 37.993598054065366
1385 1391 77.92987210251202
1391 1389 152.21737074259747
1389 1385 176.22212962189508
1385 1389 176.22212962189508
1389 1443 109.26539299844097
1443 1440 149.3714508930602
1440 1389 169.83540288557322
1389 1440 169.83540288557322
1440 1391 106.95607992451242
1391 1400 143.65456875400244
1400 1393 105.65114607612043
1393 1400 105.65114607612043
1400 1438 103.9151435367284
1438 1440 143.03334559112395
1440 1438 143.03334559112395
1438 1433 149.5553296872238
1433 1403 103.53290765390064
1403 1400 149.62791278572004
1400 1403 149.62791278572004
1403 1402 105.81918294668539
1402 1403 105.81918294668539
1403 1408 147.8458579274177
1408 1405 102.16100675711863
1405 1408 102.16100675711863
1408 1407 140.6833975389734
1407 1408 140.6833975389734
1408 1432 107.16064246090008
1432 1433 147.87910732818614
1433 1432 147.87910732818614
1432 1412 141.0559448594469
1412 1430 104.92445102838875
1430 1414 147.06820698762573
1414 1430 147.06820698762573
1430 1427 107.8342464738772
1427 1417 149.85954290815891
1417 1427 149.85954290815891
1427 1424 97.58224700080669
1424 1420 144.3508424844657
1420 1424 144.3508424844657
1424 1475 109.09813428958489
1475 1465 162.53670148048025
1465 1424 151.55733527026422
1424 1465 151.55733527026422
1465 1457 106.76023758203921
1457 1427 148.1807280997612
1427 1457 148.1807280997612
1457 1435 108.26824675303418
1435 1430 147.00153882656411
1430 1435 147.00153882656411
1435 1432 103.63318840066748
1432 1433 147.87910732818614
1433 1455 105.87942890443861
1455 1435 145.5509029259097
1435 1455 145.5509029259097
1455 1453 147.5159673042141
1453 1438 106.69362613231938
1438 1453 106.69362613231938
1453 1440 160.98272185516433
1440 1447 106.69437194090924
1447 1444 144.51159447181516
1444 1443 101.9619451252134
1443 1444 101.9619451252134
1444 1487 105.43386163329721
1487 1486 144.20118000080708
1486 1447 107.15707024751141
1447 1453 148.091830938905
1453 1451 101.20455675312698
1451 1486 150.14467524232774
1486 1451 150.14467524232774
1451 1459 140.6831947341794
1459 1453 160.47764061132133
1453 1459 160.47764061132133
1459 1455 104.89592997520904
1455 1459 104.89592997520904
1459 1457 146.18299015628986
1457 1465 106.76023758203921
1465 1459 168.81656430432847
1459 1462 103.31350129731803
1462 1465 146.91364010963588
1465 1462 146.91364010963588
1462 1478 106.42307080542665
1478 1477 147.20429524070423
1477 1465 101.84213507968909
1465 1475 162.53670148048025
1475 1477 147.1440914744008
1477 1475 147.1440914744008
1475 1469 141.86449747511597
1469 1475 141.86449747511597
1475 1545 107.30007091988473
1545 1551 151.75836571849982
1551 1545 151.75836571849982
1545 1544 145.01492940807424
1544 1475 196.25858083594414
1475 1544 196.25858083594414
1544 1477 105.29880653019072
1477 1478 147.20429524070423
1478 1509 103.78759629263028
1509 1544 147.51363356951938
1544 1509 147.51363356951938
1509 1506 145.486603632642
1506 1499 145.91485393047398
1499 1492 102.00638542860665
1492 1489 107.01454423438055
1489 1486 101.42202801683281
1486 1487 144.20118000080708
1487 1490 103.77526127011151
1490 1489 146.27532208159474
1489 1490 146.27532208159474
1490 1493 106.53855759354519
1493 1492 148.243327637837
1492 1493 148.243327637837
1493 1496 104.93336257221031
1496 1499 137.86441915179128
1499 1496 137.86441915179128
1496 1502 131.5185456481823
1502 1504 41.26042993298758
1504 1499 111.48938840123489
1499 1504 111.48938840123489
1504 1515 43.11329418481948
1515 1502 46.26078590268608
1502 1515 46.26078590268608
1515 1504 43.11329418481948
1504 1512 152.96980857866274
1512 1506 102.14582169892891
1506 1512 102.14582169892891
1512 1528 143.91385147753624
1528 1509 107.13683632106549
1509 1528 107.13683632106549
1528 1521 191.32866254948803
1521 1512 103.94409066681007
1512 1521 103.94409066681007
1521 1516 100.49194895661388
1516 1515 75.83526849239587
1515 1516 75.83526849239587
1516 1520 48.60994012365661
1520 1521 82.93345115220296
1521 1519 107.56533247781394
1519 1520 81.67102586571978
1520 1521 82.93345115220296
1521 1531 142.3980759055111
1531 1523 107.50761127226127
1523 1531 107.50761127226127
1531 1528 105.72213704495235
1528 1543 146.4122457160732
1543 1544 104.67005823396497
1544 1528 194.35130654741084
1528 1543 146.4122457160732
1543 1534 105.83353355721553
1534 1531 148.31303314571971
1531 1534 148.31303314571971
1534 1533 104.91492041340308
1533 1534 104.91492041340308
1534 1541 142.16834103797672
1541 1536 106.26742956101859
1536 1541 106.26742956101859
1541 1538 148.24393050222287
1538 1550 101.4017281141425
1550 1549 141.86446071545276
1549 1541 107.73973353350198
1541 1549 107.73973353350198
1549 1543 146.2080801606151
1543 1544 104.67005823396497
1544 1545 145.01492940807424
1545 1549 101.01467718690118
1549 1547 226.86362031137267
1547 1550 85.00084915053948
1550 1549 141.86446071545276
1549 1550 141.86446071545276
1550 1551 105.22709215996707
1551 1552 144.21247460305764
1552 1553 139.0853734964185
1553 1554 144.95899044779821
1554 1555 149.43107498271206
1555 1556 139.34027185882277
1556 1557 147.86720668440313
1557 1558 139.6698593983013
1558 1559 155.33496128915948
1559 1560 144.20209411389723
1560 1561 141.31742235419156
1561 1562 155.82470768228671
1562 1563 141.29772464372263
1563 1564 149.19712234479803
1564 1565 146.01567868169636
1565 1566 150.35349952053286
1566 1575 144.07139275179458
1575 1568 160.06395655021018
1568 1573 136.05935312454307
1573 1572 34.4208399616105
1572 1571 158.68438365830718
1571 1572 158.68438365830718
1572 1573 34.4208399616105
1573 1568 136.05935312454307
1568 1575 160.06395655021018
1575 1576 165.91517186090226
1576 1577 163.46398658720022
1577 1578 137.0645030096277
1578 1579 34.9130638507147
1579 1580 152.4759465848702
1580 1581 249.73176195554888
1581 1582 251.46078141346533
1582 1583 155.28585669934887
1583 1584 108.0048832619061
1584 1605 104.29896484268234
1605 1586 110.3276486231814
1586 1587 66.35026123884836
1587 1588 64.41885229985294
1588 1591 79.00617112649304
1591 1590 148.32810957503622
1590 1591 148.32810957503622
1591 1592 148.36499627107554
1592 1601 77.28009665437312
1601 1600 101.95093829840047
1600 1599 176.61910667534863
1599 1598 77.28616374012371
1598 1597 140.85097995248316
1597 1598 140.85097995248316
1598 1599 77.28616374012371
1599 1600 176.61910667534863
1600 1601 101.95093829840047
1601 1602 78.32074952836204
1602 1603 130.77172450737874
1603 1604 86.20366585178989
1604 1605 193.8366656945366
1605 1606 191.79660996299657
1606 1607 195.0575474685593
1607 1608 198.7799074986317
1608 1609 192.22054642137738
1609 1610 140.83685563034186
1610 1611 150.33287409593274
1611 1617 166.58629898380488
1617 1615 218.75774819805144
1615 1624 131.80371327904177
1624 1615 131.80371327904177
1615 1619 120.14723595087703
1619 1617 98.72241272874531
1617 1618 152.5829475691412
1618 1619 131.24640409156336
1619 1620 147.07930863614183
1620 1621 103.64259158786145
1621 1622 105.36431478938589
1622 1625 59.980753799498174
1625 1624 73.0139045986578
1624 1625 73.0139045986578
1625 1626 71.3672857124514
1626 1627 142.1598606212531
1627 1628 98.77537202990104
1628 1629 90.34969328686832
1629 1630 101.04517148454374
1630 1631 143.01147561118802
1631 1632 147.58440405893614
1632 1633 61.64449751526017
