-43.9374965 -19.9402714
-43.9360937 -19.9401504
-43.9346802 -19.939994
-43.9345837 -19.9397016
-43.934184 -19.9399487
-43.9346775 -19.9400016
-43.9341867 -19.9399562
-43.9332318 -19.939868
-43.9329341 -19.9387938
-43.9332345 -19.939873
-43.9318639 -19.9397822
-43.9316574 -19.9391191
-43.9329341 -19.9387938
-43.9316601 -19.9391216
-43.9318666 -19.9397822
-43.9304852 -19.9395805
-43.9307132 -19.9392956
-43.9316627 -19.9391241
-43.9307132 -19.9392956
-43.9304236 -19.939399
-43.92993 -19.9394746
-43.9304852 -19.9395805
-43.9299327 -19.9394721
-43.9290047 -19.9393939
-43.9275858 -19.939278
-43.9269018 -19.939225
-43.9266202 -19.9391115
-43.9274517 -19.9388367
-43.9275911 -19.9392754
-43.9274544 -19.9388417
-43.9287713 -19.9384988
-43.92901 -19.9393914
-43.9287686 -19.9385014
-43.9300749 -19.9382038
-43.9304262 -19.9393939
-43.9300749 -19.9382089
-43.9313516 -19.9378584
-43.9316627 -19.9391191
-43.9313489 -19.9378609
-43.9325988 -19.9375533
-43.9329314 -19.9388014
-43.9342564 -19.9384711
-43.934589 -19.9397016
-43.9353561 -19.9384585
-43.9351577 -19.9382416
-43.9342564 -19.9384711
-43.933948 -19.9372482
-43.9352274 -19.9379618
-43.9351577 -19.9382366
-43.9352301 -19.9379618
-43.9353991 -19.9377853
-43.9351898 -19.936933
-43.9339507 -19.9372457
-43.9351925 -19.936933
-43.9354098 -19.9377853
-43.9356887 -19.9378786
-43.9359248 -19.9380601
-43.9368153 -19.9378533
-43.9359248 -19.9380651
-43.9358523 -19.9383072
-43.9355949 -19.9385165
-43.9353642 -19.9384585
-43.9355922 -19.9385215
-43.9358523 -19.9393914
-43.9349216 -19.9395805
-43.9347795 -19.9393965
-43.9349189 -19.9395755
-43.9358577 -19.9393939
-43.9360991 -19.9401504
-43.9358604 -19.9393939
-43.9368689 -19.9391443
-43.9369118 -19.9389224
-43.9358523 -19.9383173
-43.9369118 -19.9389275
-43.9371854 -19.9390309
-43.9374992 -19.9402689
-43.9371908 -19.9390334
-43.9368233 -19.9378483
-43.9365605 -19.9368548
-43.9362198 -19.9366834
-43.9352033 -19.9369406
-43.9354098 -19.9377802
-43.9356914 -19.937876
-43.9363942 -19.9367666
-43.9365256 -19.9366103
-43.9362198 -19.9354302
-43.9349002 -19.9356975
-43.9351965 -19.936933
-43.9349015 -19.935695
-43.9336409 -19.93599
-43.9338554 -19.9369431
-43.9337294 -19.9370982
-43.933956 -19.9372469
-43.9337294 -19.9370994
-43.9337133 -19.9372835
-43.9325988 -19.9375735
-43.9322609 -19.9363531
-43.9336503 -19.9360001
-43.9322609 -19.9363783
-43.9337307 -19.9371045
-43.9322716 -19.9363833
-43.931011 -19.9366506
-43.9313436 -19.937876
-43.9310217 -19.9366758
-43.9297235 -19.9369481
-43.9300789 -19.9382076
-43.9297222 -19.9369519
-43.9284213 -19.9372608
-43.9287713 -19.9384951
-43.9284199 -19.9372608
-43.9270963 -19.9376075
-43.9274544 -19.9388417
-43.9271043 -19.9376125
-43.9262688 -19.9389199
-43.9266229 -19.9391065
-43.9262635 -19.938925
-43.9260221 -19.9387081
-43.9258128 -19.9379113
-43.9270949 -19.9376189
-43.9258236 -19.9379265
-43.9254749 -19.936701
-43.9267677 -19.9363531
-43.9270976 -19.9376163
-43.9280243 -19.9361022
-43.9267704 -19.9363556
-43.9280243 -19.9361035
-43.9284199 -19.9372583
-43.9280283 -19.9361072
-43.9282644 -19.9357593
-43.9285125 -19.9359118
-43.9293708 -19.9357441
-43.9297181 -19.9369519
-43.9293694 -19.9357467
-43.9306878 -19.9354264
-43.931019 -19.9366594
-43.9306918 -19.9354277
-43.9322676 -19.9363493
-43.9319323 -19.9351289
-43.9306918 -19.9354302
-43.931931 -19.9351264
-43.9333203 -19.9347545
-43.9336489 -19.9360001
-43.9333203 -19.9347557
-43.934636 -19.9344746
-43.9349015 -19.9356937
-43.9346333 -19.9344721
-43.9358979 -19.934172
-43.9362279 -19.9354264
-43.9373839 -19.9351831
-43.9367294 -19.9362673
-43.9365417 -19.9366153
-43.9367402 -19.9362623
-43.9368367 -19.9365195
-43.937797 -19.9362774
-43.9375609 -19.9352638
-43.9373946 -19.9351882
-43.9374858 -19.9350419
-43.9380169 -19.9341543
-43.9379525 -19.9336299
-43.9371639 -19.9338114
-43.9374912 -19.935052
-43.9371639 -19.9338215
-43.9367884 -19.932596
-43.9378667 -19.9331659
-43.9379579 -19.9336299
-43.9378721 -19.9331609
-43.9388484 -19.932939
-43.9391327 -19.9338518
-43.9400017 -19.9342703
-43.9397764 -19.9332214
-43.9394706 -19.932006
-43.9388537 -19.9329289
-43.938843 -19.9324145
-43.9386445 -19.9317639
-43.93843 -19.9309823
-43.9373034 -19.9312495
-43.9376467 -19.9328028
-43.9378667 -19.933171
-43.9367992 -19.9326011
-43.9364773 -19.9314311
-43.9373034 -19.9312546
-43.9364666 -19.9314361
-43.9351845 -19.9316933
-43.9367831 -19.932596
-43.9351952 -19.9316883
-43.9354956 -19.9329591
-43.9367992 -19.9326112
-43.935501 -19.9329541
-43.9358926 -19.9341745
-43.9371693 -19.9338215
-43.9358926 -19.9341846
-43.9354903 -19.9329541
-43.9342457 -19.9332567
-43.9346427 -19.9344922
-43.9342457 -19.9332718
-43.933897 -19.9320287
-43.9351979 -19.9316984
-43.9339024 -19.9320337
-43.9325827 -19.9323388
-43.9329287 -19.9335694
-43.9342457 -19.9332617
-43.9329261 -19.9335794
-43.9333203 -19.934762
-43.9329341 -19.9335769
-43.9316225 -19.9338871
-43.931931 -19.9351302
-43.9316225 -19.9338921
-43.9303243 -19.9341947
-43.9306918 -19.9354302
-43.9290369 -19.93453
-43.9303243 -19.9342022
-43.9290369 -19.9345351
-43.9293748 -19.9357504
-43.9290422 -19.9345326
-43.9282644 -19.9357605
-43.927964 -19.9357908
-43.9277548 -19.9348351
-43.9290422 -19.93453
-43.9277548 -19.9348377
-43.9264217 -19.935168
-43.9267704 -19.9363556
-43.9264163 -19.9351755
-43.9251718 -19.9354706
-43.9254722 -19.9366985
-43.9251772 -19.9354806
-43.9248365 -19.9342476
-43.926132 -19.9339375
-43.9264244 -19.9351806
-43.9261347 -19.9339425
-43.9274141 -19.9336198
-43.9277574 -19.9348351
-43.9274088 -19.9336248
-43.928723 -19.9332769
-43.9290422 -19.9345376
-43.9287257 -19.9332769
-43.9299703 -19.9330272
-43.9303297 -19.9342048
-43.9299756 -19.9330272
-43.9312685 -19.9326666
-43.9316198 -19.9338871
-43.9312658 -19.9326666
-43.9325827 -19.9323464
-43.9322421 -19.9311411
-43.9309385 -19.9314286
-43.9312711 -19.9326692
-43.9309412 -19.9314336
-43.9296725 -19.931774
-43.9299756 -19.9330297
-43.9309412 -19.9314361
-43.9296699 -19.9317841
-43.9283663 -19.9321069
-43.9287177 -19.9332794
-43.9283663 -19.9321119
-43.9270574 -19.9324246
-43.9274061 -19.9336299
-43.927052 -19.9324271
-43.9257538 -19.9326919
-43.9261293 -19.9339425
-43.9257592 -19.9326969
-43.9274088 -19.9336273
-43.9290449 -19.9345401
-43.9274114 -19.9336324
-43.9257511 -19.9326944
-43.924453 -19.9330222
-43.9248419 -19.9342451
-43.924453 -19.9330228
-43.9241365 -19.9318396
-43.9257619 -19.9326969
-43.9254427 -19.931479
-43.9241338 -19.9318471
-43.9243215 -19.9317942
-43.9238521 -19.9305914
-43.9232111 -19.9307629
-43.9241338 -19.9318371
-43.9232138 -19.9307629
-43.9238521 -19.9305965
-43.9251021 -19.9302813
-43.9254454 -19.9314815
-43.9267302 -19.9311789
-43.927052 -19.9324321
-43.9267382 -19.9311815
-43.9264083 -19.9299434
-43.9267436 -19.9311764
-43.9280203 -19.9308612
-43.9283663 -19.9321144
-43.9280257 -19.9308663
-43.9276797 -19.9296307
-43.928023 -19.9308738
-43.9293346 -19.930541
-43.9296779 -19.9317841
-43.9293319 -19.9305485
-43.9289671 -19.9293256
-43.9293399 -19.9305485
-43.9306113 -19.9302233
-43.9309493 -19.9314311
-43.9306194 -19.9302308
-43.9302948 -19.9290129
-43.9306167 -19.9302308
-43.9319041 -19.9298929
-43.9309439 -19.9314336
-43.9318988 -19.9299005
-43.9322421 -19.9311386
-43.9319041 -19.9298929
-43.933543 -19.9307931
-43.9322421 -19.9311386
-43.933543 -19.9307906
-43.9339024 -19.9320363
-43.9335564 -19.9307957
-43.9351952 -19.9317059
-43.9348358 -19.9304981
-43.9335456 -19.9307931
-43.9348438 -19.9304931
-43.9361688 -19.9301678
-43.9364827 -19.9314336
-43.9361688 -19.9301728
-43.937467 -19.9298728
-43.9378667 -19.9311184
-43.9374697 -19.9298778
-43.9371371 -19.9286448
-43.9358041 -19.9289448
-43.9361715 -19.9301804
-43.9358068 -19.9289524
-43.9345354 -19.9292525
-43.9348358 -19.9305032
-43.9345434 -19.9292575
-43.933197 -19.9296004
-43.9335483 -19.9307906
-43.9331862 -19.9295904
-43.9318988 -19.9298929
-43.9315823 -19.9286649
-43.9319041 -19.9298929
-43.9327034 -19.9285716
-43.9329046 -19.9282514
-43.933197 -19.9295904
-43.9329046 -19.9282514
-43.9341491 -19.9280345
-43.9345461 -19.92926
-43.9341438 -19.928032
-43.93545 -19.9276891
-43.9358068 -19.9289524
-43.9354473 -19.9277092
-43.9367509 -19.9273865
-43.9371398 -19.9286422
-43.9367482 -19.927389
-43.9364129 -19.9261736
-43.9351013 -19.9265316
-43.9354527 -19.9277067
-43.9350986 -19.9265367
-43.93383 -19.9268267
-43.9341465 -19.9280396
-43.9338273 -19.9268292
-43.9325854 -19.9271772
-43.9329046 -19.9282564
-43.9325827 -19.9271797
-43.9312336 -19.9274773
-43.9315796 -19.9286624
-43.9324299 -19.9284556
-43.9327034 -19.9285742
-43.9324299 -19.9284607
-43.9315876 -19.9286599
-43.9302975 -19.9290154
-43.9319068 -19.9299055
-43.9303002 -19.929018
-43.9299408 -19.9277899
-43.9312389 -19.9274697
-43.9309171 -19.9262265
-43.9325854 -19.9271822
-43.93188 -19.9243731
-43.9313301 -19.9227466
-43.9274248 -19.9236948
-43.9276448 -19.9243933
-43.9279854 -19.9245572
-43.9292273 -19.9252809
-43.930909 -19.9262265
-43.9296108 -19.9265443
-43.9292353 -19.9252834
-43.9280766 -19.9256213
-43.9284146 -19.9268544
-43.9296082 -19.9265392
-43.9286077 -19.9280572
-43.9284146 -19.9268544
-43.9286077 -19.9280522
-43.9299488 -19.9277849
-43.9296189 -19.9265417
-43.9299408 -19.9277824
-43.9303029 -19.929018
-43.9289752 -19.9293332
-43.9286104 -19.9280522
-43.9303002 -19.9290129
-43.9286211 -19.9280597
-43.926985 -19.9271671
-43.9284173 -19.9268595
-43.9280739 -19.9256213
-43.9278218 -19.9247589
-43.9279935 -19.9245471
-43.9276475 -19.9243883
-43.9263466 -19.9247211
-43.9266711 -19.9259618
-43.9280793 -19.9256213
-43.9266765 -19.9259618
-43.9269984 -19.9271621
-43.9273524 -19.9284052
-43.9286184 -19.9280446
-43.9273497 -19.9284102
-43.9276797 -19.9296307
-43.9289725 -19.9293332
-43.9276797 -19.9296408
-43.9264083 -19.9299434
-43.926124 -19.9287381
-43.9273497 -19.9284153
-43.9261159 -19.9287431
-43.9258048 -19.9275226
-43.9270011 -19.9271646
-43.9253756 -19.9262517
-43.9258102 -19.9275226
-43.9253783 -19.9262618
-43.9266792 -19.9259668
-43.9253783 -19.9262593
-43.9244369 -19.9277698
-43.9258128 -19.9275353
-43.9261213 -19.9287355
-43.9248258 -19.9290356
-43.9244476 -19.9277723
-43.9248258 -19.9290381
-43.9250994 -19.9302838
-43.9264163 -19.9299509
-43.9251021 -19.9302838
-43.9248258 -19.9290306
-43.9235008 -19.9293407
-43.9238575 -19.9305889
-43.9235169 -19.9293407
-43.9228517 -19.930372
-43.9232165 -19.9307679
-43.922857 -19.9303796
-43.9221624 -19.9296963
-43.9235222 -19.9293458
-43.9221731 -19.9297038
-43.9218217 -19.9292878
-43.9220229 -19.9290734
-43.9218807 -19.9284405
-43.9212719 -19.9286851
-43.9218244 -19.9292978
-43.9212719 -19.9286927
-43.9218834 -19.928443
-43.9231682 -19.9281455
-43.9235035 -19.9293332
-43.9244369 -19.9277672
-43.9231655 -19.9281455
-43.9218834 -19.9284481
-43.9212719 -19.9286801
-43.9202392 -19.9275504
-43.9215079 -19.9272301
-43.9218727 -19.928438
-43.9215106 -19.9272226
-43.9228061 -19.9269124
-43.9231655 -19.9281455
-43.9228034 -19.9269099
-43.9234632 -19.9267586
-43.9238012 -19.9279664
-43.9234632 -19.9267561
-43.9240935 -19.9265745
-43.9244503 -19.9277698
-43.9240935 -19.9265796
-43.9253783 -19.9262593
-43.923761 -19.9253591
-43.9240989 -19.9265896
-43.923761 -19.9253566
-43.9250565 -19.9250489
-43.9253783 -19.9262644
-43.9263493 -19.9247262
-43.926816 -19.9239797
-43.9276448 -19.9243933
-43.9268187 -19.9239823
-43.9272746 -19.9232157
-43.9274248 -19.9236973
-43.9272746 -19.9232283
-43.9260194 -19.9235132
-43.9268187 -19.9239848
-43.9260194 -19.9235183
-43.926352 -19.9247287
-43.9260221 -19.9235132
-43.9246997 -19.9238158
-43.9250565 -19.925059
-43.9247105 -19.9238234
-43.9234337 -19.9241285
-43.9237636 -19.9253591
-43.9234257 -19.924131
-43.9221194 -19.9244589
-43.9224574 -19.9256819
-43.9237744 -19.9253591
-43.9221194 -19.9244563
-43.9224494 -19.9256844
-43.9228114 -19.92692
-43.9224494 -19.9256819
-43.9211807 -19.9259769
-43.9215186 -19.9272352
-43.921178 -19.9259744
-43.9198825 -19.9263274
-43.9202419 -19.9275605
-43.9198798 -19.92634
-43.9195445 -19.9251044
-43.9208561 -19.9247791
-43.921178 -19.9259769
-43.9208588 -19.9247842
-43.9221194 -19.9244538
-43.9205074 -19.9235511
-43.9208561 -19.9247867
-43.9205101 -19.9235561
-43.9191958 -19.9238461
-43.9195445 -19.9251094
-43.9191958 -19.9238461
-43.9189115 -19.9226811
-43.9201829 -19.9223129
-43.9205101 -19.9235586
-43.9218083 -19.9232308
-43.9221248 -19.9244488
-43.9218056 -19.9232207
-43.9216366 -19.9226433
-43.9214516 -19.9220027
-43.9201829 -19.9223154
-43.921465 -19.9220027
-43.9227632 -19.9216875
-43.9229241 -19.9223053
-43.9216447 -19.9226382
-43.9229321 -19.9222978
-43.9230904 -19.9228929
-43.9218137 -19.9232308
-43.9230904 -19.9228904
-43.9234284 -19.9241235
-43.9230958 -19.9228879
-43.9243805 -19.9225953
-43.9247105 -19.9238209
-43.9243859 -19.9225903
-43.9240158 -19.9213774
-43.9227712 -19.921685
-43.9240238 -19.9213849
-43.9242518 -19.9210621
-43.9248419 -19.9213446
-43.9253408 -19.9210924
-43.9257109 -19.9222776
-43.9243752 -19.9226004
-43.9257216 -19.9222927
-43.9260274 -19.9235132
-43.9257216 -19.9222978
-43.9270091 -19.92198
-43.9272666 -19.9232207
-43.9270306 -19.9219649
-43.9266658 -19.9207293
-43.926065 -19.9205628
-43.9253622 -19.9210975
-43.9251047 -19.9212034
-43.9248633 -19.9213446
-43.9245576 -19.9212084
-43.9242572 -19.9210571
-43.9259309 -19.9183689
-43.9263868 -19.9197609
-43.9266336 -19.919887
-43.9273417 -19.9190902
-43.926875 -19.9186867
-43.9261132 -19.9181369
-43.9259416 -19.9183538
-43.926124 -19.9181319
-43.9269501 -19.9185505
-43.9268857 -19.9186766
-43.9269608 -19.9185354
-43.9281249 -19.9191809
-43.9293373 -19.9199173
-43.9290261 -19.9204015
-43.9273632 -19.9190851
-43.9290315 -19.9203914
-43.9285755 -19.9210924
-43.9275509 -19.9212286
-43.9266604 -19.9207293
-43.9275509 -19.9212387
-43.9285648 -19.9210975
-43.9272773 -19.9232358
-43.9285916 -19.9211025
-43.9311558 -19.9220103
-43.9313436 -19.9227567
-43.9311558 -19.9220154
-43.9323252 -19.922086
-43.934412 -19.9211479
-43.9350128 -19.9201997
-43.9345461 -19.9199425
-43.9342725 -19.918838
-43.935737 -19.9185152
-43.936075 -19.9197609
-43.9345622 -19.9199475
-43.9360696 -19.919771
-43.93637 -19.9209008
-43.9350343 -19.9201997
-43.93637 -19.9208907
-43.9367294 -19.922096
-43.9352971 -19.9244866
-43.933838 -19.9268519
-43.9353025 -19.9244866
-43.9360803 -19.9249556
-43.9350933 -19.9265392
-43.936075 -19.9249607
-43.9364183 -19.9261711
-43.9360696 -19.9249758
-43.9373517 -19.9246228
-43.9370567 -19.9233871
-43.9360857 -19.9249657
-43.9370567 -19.9234124
-43.9367348 -19.9221011
-43.9380383 -19.9218338
-43.9376682 -19.9206738
-43.9363807 -19.9209058
-43.9376736 -19.9206889
-43.937341 -19.919418
-43.9360589 -19.919771
-43.937341 -19.9194129
-43.9370191 -19.9182126
-43.9357585 -19.9185001
-43.9353722 -19.917335
-43.9346159 -19.9174762
-43.9350021 -19.9186968
-43.9353293 -19.9198517
-43.9350182 -19.9202098
-43.9345407 -19.9199475
-43.9329314 -19.9190599
-43.9322233 -19.9200182
-43.9330655 -19.9204216
-43.9322394 -19.9200131
-43.9318746 -19.9205275
-43.9324594 -19.9208554
-43.9318907 -19.9205023
-43.9315206 -19.9210319
-43.9302921 -19.9206133
-43.9290315 -19.9204065
-43.9293534 -19.9199173
-43.9297128 -19.919307
-43.9318693 -19.9205376
-43.9297342 -19.9193171
-43.9300293 -19.9187825
-43.9322448 -19.919998
-43.9300293 -19.9187926
-43.9297181 -19.9193171
-43.9285219 -19.9185959
-43.9281034 -19.9192213
-43.9285165 -19.918606
-43.9273363 -19.9179755
-43.9269662 -19.9185404
-43.9273578 -19.9179755
-43.9264458 -19.9174762
-43.9261186 -19.918142
-43.9264727 -19.9174712
-43.9268589 -19.9167953
-43.9277816 -19.9172795
-43.9273471 -19.9179957
-43.9277762 -19.9172745
-43.9289349 -19.9179352
-43.9285165 -19.918606
-43.9289457 -19.9179352
-43.9301473 -19.9185959
-43.9300346 -19.9188077
-43.9301312 -19.918606
-43.9306462 -19.9177688
-43.9294177 -19.9170879
-43.9289457 -19.9179301
-43.929407 -19.9170929
-43.9282966 -19.9164524
-43.9277977 -19.9172997
-43.9283019 -19.9164423
-43.9274061 -19.9159833
-43.926875 -19.9168155
-43.9274222 -19.9159833
-43.9277011 -19.915595
-43.928495 -19.9142332
-43.9289671 -19.9145459
-43.9303672 -19.9141676
-43.9305925 -19.9148889
-43.9277118 -19.9156101
-43.9306086 -19.914904
-43.9307803 -19.9155647
-43.9293104 -19.9158976
-43.9291763 -19.9152419
-43.9293265 -19.9158976
-43.9292783 -19.9164625
-43.9283127 -19.9164423
-43.9292836 -19.9164675
-43.9297664 -19.9165482
-43.9309841 -19.9172241
-43.9306408 -19.9177688
-43.9309841 -19.9172291
-43.9315206 -19.9163616
-43.9309734 -19.9160388
-43.9308232 -19.9155597
-43.9305925 -19.9149292
-43.9303511 -19.9141575
-43.9301473 -19.9133304
-43.9288598 -19.9136935
-43.9284897 -19.9142332
-43.9288652 -19.9136885
-43.9301366 -19.9133253
-43.9308178 -19.9131841
-43.9316761 -19.9136834
-43.932057 -19.9155647
-43.9315099 -19.9163566
-43.9320517 -19.9155647
-43.9324003 -19.9166693
-43.9311665 -19.9169416
-43.9309788 -19.9172341
-43.9311612 -19.9169467
-43.9315152 -19.9163566
-43.9311719 -19.9169416
-43.9314723 -19.9182075
-43.9306569 -19.9177738
-43.9314669 -19.9181874
-43.9327276 -19.9179402
-43.9324164 -19.9166693
-43.9327168 -19.9179352
-43.9329368 -19.9190448
-43.9314991 -19.9182025
-43.9329422 -19.9190549
-43.9345676 -19.9199223
-43.9342779 -19.9188279
-43.9339453 -19.9176528
-43.9346266 -19.9174611
-43.9342028 -19.9159228
-43.9335805 -19.9160136
-43.933146 -19.9145156
-43.9316815 -19.9136885
-43.9340043 -19.9149948
-43.9342135 -19.9159178
-43.9349216 -19.9157261
-43.935383 -19.917335
-43.934927 -19.9157261
-43.934691 -19.9147376
-43.9340097 -19.9149998
-43.9346963 -19.9147426
-43.9360052 -19.914445
-43.9362252 -19.9153831
-43.9349216 -19.9157312
-43.9362466 -19.9153831
-43.936649 -19.9169567
-43.9353776 -19.9173148
-43.9366704 -19.9169668
-43.9370084 -19.9182126
-43.9382797 -19.9178696
-43.9386284 -19.9190649
-43.9370137 -19.9182176
-43.9386284 -19.9190599
-43.9373463 -19.9194079
-43.9386177 -19.91907
-43.9376736 -19.9206788
-43.9386123 -19.9190649
-43.9389449 -19.9203409
-43.9376575 -19.9206788
-43.938961 -19.920346
-43.9402431 -19.919998
-43.9386284 -19.9190649
-43.9399534 -19.9187926
-43.9402485 -19.9200081
-43.9399481 -19.9187926
-43.9395511 -19.9176679
-43.938607 -19.9190851
-43.9382905 -19.9178595
-43.9395511 -19.917678
-43.93924 -19.9163313
-43.9379472 -19.9166289
-43.9382905 -19.9178797
-43.9379472 -19.916634
-43.9366651 -19.9169719
-43.9364451 -19.9161548
-43.935163 -19.916523
-43.9364612 -19.9161498
-43.9377272 -19.9159077
-43.9375395 -19.9150301
-43.936252 -19.9153731
-43.9360106 -19.91444
-43.9373088 -19.9140567
-43.9375448 -19.9150301
-43.9388108 -19.9147678
-43.9392453 -19.9163213
-43.9388108 -19.9147729
-43.9385587 -19.9139508
-43.9373195 -19.9140617
-43.9385748 -19.9139659
-43.9383709 -19.9131539
-43.9373249 -19.9140617
-43.9383817 -19.913169
-43.9394063 -19.9121602
-43.9398998 -19.9135321
-43.9385694 -19.9139558
-43.9398998 -19.9135271
-43.9407367 -19.9134262
-43.9411819 -19.9126999
-43.9403611 -19.9122662
-43.939417 -19.9121602
-43.9403772 -19.9122662
-43.9411712 -19.912705
-43.9431936 -19.9138448
-43.943553 -19.9142786
-43.9428717 -19.9145963
-43.942008 -19.9148637
-43.9412463 -19.9149242
-43.940742 -19.9134313
-43.9401251 -19.9144349
-43.9399213 -19.9135321
-43.9401358 -19.91444
-43.9388108 -19.9147628
-43.9401412 -19.9144349
-43.940329 -19.9151461
-43.9390361 -19.9155345
-43.940329 -19.9151511
-43.9412409 -19.9149292
-43.940345 -19.9151511
-43.9405113 -19.9160388
-43.9414126 -19.915832
-43.9412463 -19.9149343
-43.9414233 -19.915827
-43.9422065 -19.9156
-43.9428771 -19.9145913
-43.9430702 -19.9153781
-43.9443362 -19.9150049
-43.9435583 -19.9142836
-43.9443415 -19.91502
-43.9453447 -19.9161397
-43.9447439 -19.9163162
-43.9434671 -19.9165936
-43.9430863 -19.9153831
-43.9434886 -19.9165886
-43.9425606 -19.9168307
-43.9422065 -19.9156
-43.9431024 -19.9153983
-43.9422172 -19.9156202
-43.9425659 -19.9168307
-43.9417183 -19.9170223
-43.9414179 -19.9158371
-43.9417076 -19.9170324
-43.9408708 -19.917219
-43.9405113 -19.9160388
-43.9408654 -19.917219
-43.9395458 -19.917678
-43.9405435 -19.9160439
-43.9392722 -19.9163112
-43.9390361 -19.9155445
-43.9377272 -19.9159228
-43.9390415 -19.9155345
-43.9392668 -19.9163213
-43.939535 -19.9176628
-43.94086 -19.9172291
-43.9412194 -19.9184547
-43.9399427 -19.9187976
-43.9412194 -19.9184547
-43.9415574 -19.9196702
-43.9402431 -19.9199929
-43.9406186 -19.9212588
-43.9392829 -19.9215362
-43.9389503 -19.920351
-43.9392722 -19.9215362
-43.9380383 -19.921854
-43.9383548 -19.9231047
-43.9370513 -19.9234023
-43.9383441 -19.9231098
-43.9386767 -19.924295
-43.9373732 -19.9246228
-43.9386874 -19.924305
-43.9399481 -19.9239974
-43.9396048 -19.9227668
-43.9383441 -19.9231148
-43.9396209 -19.922787
-43.9392829 -19.9215413
-43.940624 -19.921274
-43.9409459 -19.9223986
-43.9396101 -19.9227668
-43.9409512 -19.9224037
-43.9412946 -19.9236444
-43.9399481 -19.9240024
-43.9403236 -19.925238
-43.9390039 -19.9255659
-43.9387089 -19.9243101
-43.9390093 -19.9255759
-43.9377058 -19.9258785
-43.9373624 -19.9246329
-43.9377218 -19.9258584
-43.9360911 -19.9249808
-43.9377218 -19.9258785
-43.9364237 -19.9261862
-43.9367509 -19.9273966
-43.9380705 -19.9270536
-43.9383817 -19.9282943
-43.9371318 -19.9286574
-43.938387 -19.9283094
-43.938725 -19.9295097
-43.9374644 -19.9298778
-43.938725 -19.9295147
-43.9391166 -19.9307604
-43.9384353 -19.9309772
-43.9391112 -19.9307704
-43.9394653 -19.932011
-43.9403933 -19.9304679
-43.9391112 -19.9307654
-43.9387357 -19.9295248
-43.9400339 -19.929197
-43.9403987 -19.930483
-43.9400446 -19.929202
-43.9396799 -19.928032
-43.938387 -19.9283043
-43.938092 -19.9270587
-43.9377218 -19.9258584
-43.9390147 -19.9255759
-43.939358 -19.9267359
-43.9377272 -19.9258735
-43.9393634 -19.9267258
-43.9380813 -19.9270688
-43.9393687 -19.9267309
-43.939696 -19.928032
-43.9409298 -19.9276336
-43.9393687 -19.9267309
-43.9406669 -19.9264434
-43.940329 -19.925238
-43.9406723 -19.9264333
-43.9409351 -19.9276235
-43.9413697 -19.9288389
-43.9400393 -19.9292071
-43.941375 -19.928849
-43.9403933 -19.9304779
-43.9417505 -19.9301501
-43.9413643 -19.9288591
-43.9426303 -19.9285817
-43.9418203 -19.9281077
-43.941375 -19.9288591
-43.9418203 -19.9281127
-43.9409244 -19.9276286
-43.9422494 -19.9274218
-43.9426357 -19.9285716
-43.9422548 -19.9274369
-43.9419705 -19.9261257
-43.940683 -19.9264484
-43.9403397 -19.9252431
-43.9416271 -19.9249153
-43.9419651 -19.9261257
-43.9416379 -19.9249254
-43.9412946 -19.9236444
-43.942185 -19.922207
-43.9409512 -19.9224037
-43.9406133 -19.9212588
-43.94189 -19.9209209
-43.9402539 -19.9199929
-43.9418954 -19.9209209
-43.9421797 -19.922207
-43.9434886 -19.9218439
-43.9419061 -19.920926
-43.9415735 -19.9196802
-43.9423996 -19.9194634
-43.9420724 -19.918258
-43.9412141 -19.9184547
-43.9420724 -19.918263
-43.9416969 -19.9170274
-43.9425766 -19.9168458
-43.9428824 -19.9180512
-43.9420831 -19.918263
-43.9428771 -19.9180512
-43.9432204 -19.9192616
-43.9423996 -19.9194684
-43.9432204 -19.9192717
-43.9435637 -19.9205175
-43.9427322 -19.9207192
-43.942405 -19.9194785
-43.9427429 -19.9207041
-43.9431614 -19.9206082
-43.9435583 -19.9205175
-43.9431614 -19.9206234
-43.9427429 -19.9207041
-43.9431506 -19.9206032
-43.943494 -19.921854
-43.9419115 -19.920926
-43.9427483 -19.9207192
-43.9431667 -19.9206133
-43.9435852 -19.9205275
-43.9444757 -19.9202804
-43.9447546 -19.921511
-43.9434832 -19.9218388
-43.9437997 -19.9230492
-43.9425498 -19.923367
-43.9421904 -19.9222171
-43.9425445 -19.9233821
-43.9412946 -19.9236595
-43.9425659 -19.9233871
-43.9428824 -19.9245975
-43.9416271 -19.9249304
-43.9428878 -19.9246177
-43.9432043 -19.9258533
-43.9419651 -19.9261257
-43.9432043 -19.9258533
-43.9422494 -19.9274268
-43.9418042 -19.9281228
-43.9422601 -19.9274067
-43.9436066 -19.9270788
-43.9432204 -19.9258785
-43.9441538 -19.9242647
-43.9428878 -19.9245975
-43.9441592 -19.9242697
-43.9438051 -19.9230694
-43.9443898 -19.9229534
-43.9444274 -19.9223886
-43.9448726 -19.9219952
-43.9455593 -19.9220507
-43.9458972 -19.922434
-43.9458919 -19.9230845
-43.9454037 -19.9234124
-43.9446956 -19.9233821
-43.9443952 -19.9229686
-43.9444327 -19.9223734
-43.9434886 -19.9218489
-43.9447492 -19.9215161
-43.944878 -19.921975
-43.9455754 -19.9220507
-43.9460635 -19.9212235
-43.9447546 -19.9215211
-43.9444757 -19.9202855
-43.9441216 -19.91907
-43.9432257 -19.9192717
-43.944127 -19.9190851
-43.9438105 -19.9178141
-43.9428985 -19.9180461
-43.9438105 -19.9178091
-43.9434779 -19.9165835
-43.9447546 -19.9163061
-43.9450765 -19.9175368
-43.9463156 -19.9171131
-43.9453393 -19.9161397
-43.9463156 -19.9170879
-43.9467341 -19.9184496
-43.9479035 -19.9181521
-43.9463371 -19.9170929
-43.9479089 -19.9181268
-43.9493304 -19.917799
-43.9496362 -19.9190195
-43.948338 -19.9193423
-43.9479196 -19.918142
-43.9467341 -19.9184698
-43.9454412 -19.918727
-43.9450926 -19.9175468
-43.9438212 -19.9178293
-43.9441377 -19.9190801
-43.9454412 -19.9187371
-43.9457738 -19.9199173
-43.9444703 -19.9202703
-43.9457846 -19.9199223
-43.9470345 -19.9196349
-43.9467394 -19.9184748
-43.9470398 -19.9196349
-43.9483488 -19.9193373
-43.9486867 -19.9205477
-43.9473671 -19.9209008
-43.9470452 -19.9196449
-43.9473778 -19.9209159
-43.9460742 -19.9212286
-43.9457792 -19.9199274
-43.9460635 -19.9212387
-43.9463854 -19.9223785
-43.9458865 -19.9224491
-43.9463854 -19.9223734
-43.9467502 -19.9236393
-43.9458919 -19.9230997
-43.9467394 -19.9236393
-43.9454788 -19.9239873
-43.9454144 -19.9234073
-43.9454895 -19.9239671
-43.9441484 -19.9242697
-43.9447117 -19.923372
-43.9441431 -19.9242849
-43.9445078 -19.9255255
-43.943215 -19.9258584
-43.9445239 -19.9255306
-43.9448833 -19.9267157
-43.9435959 -19.9270637
-43.9448994 -19.9267309
-43.9452052 -19.9279211
-43.9439124 -19.9282489
-43.9436173 -19.9270738
-43.9439124 -19.928259
-43.9426303 -19.9285817
-43.942979 -19.9298223
-43.9417559 -19.93013
-43.942067 -19.9313655
-43.9407367 -19.931653
-43.9403933 -19.9304628
-43.9407313 -19.931658
-43.9394706 -19.932001
-43.9407581 -19.9316681
-43.9410907 -19.9329339
-43.9397711 -19.9332315
-43.9410961 -19.9329339
-43.9414179 -19.934109
-43.9400822 -19.9344317
-43.9400071 -19.9342552
-43.9400983 -19.9344468
-43.9403826 -19.935642
-43.9391273 -19.9359698
-43.9378291 -19.9362774
-43.93821 -19.9374978
-43.9368314 -19.9378307
-43.9382046 -19.9375029
-43.9385372 -19.9387031
-43.9371908 -19.939046
-43.9385372 -19.9387132
-43.938784 -19.9399789
-43.9372015 -19.9390611
-43.9387894 -19.9399638
-43.9374858 -19.9402865
-43.9388108 -19.9399638
-43.9401412 -19.9396562
-43.9398462 -19.9384106
-43.9385533 -19.9387182
-43.9398569 -19.9384156
-43.9394653 -19.93717
-43.93821 -19.9375079
-43.9394653 -19.9371801
-43.9391327 -19.9359849
-43.9404041 -19.9356521
-43.940742 -19.9368624
-43.939476 -19.9371801
-43.9407527 -19.9368725
-43.9411497 -19.938108
-43.9398569 -19.9384156
-43.9411551 -19.9381131
-43.9414608 -19.9393536
-43.9401358 -19.9396713
-43.9414555 -19.9393536
-43.9427269 -19.9390258
-43.9424533 -19.9377954
-43.9411443 -19.9381181
-43.9424694 -19.9378004
-43.9421421 -19.9365649
-43.9407527 -19.9368826
-43.9421475 -19.9365598
-43.9417344 -19.935284
-43.9414072 -19.934119
-43.9427644 -19.9337963
-43.9430594 -19.9349713
-43.9417291 -19.9353041
-43.9430594 -19.9349763
-43.9434135 -19.9362774
-43.9421475 -19.936575
-43.9434189 -19.9362825
-43.9437246 -19.9374575
-43.9424694 -19.9378155
-43.9437246 -19.9374726
-43.9439768 -19.9387232
-43.9427269 -19.9390359
-43.9439929 -19.9387384
-43.9449424 -19.9371549
-43.9437139 -19.9374676
-43.9449477 -19.937165
-43.9446688 -19.9359547
-43.9434189 -19.9362825
-43.9446688 -19.9359749
-43.9458704 -19.9356622
-43.9449531 -19.9371549
-43.9458758 -19.9356723
-43.9455807 -19.9344014
-43.9443523 -19.9347343
-43.9446688 -19.9359698
-43.9443362 -19.9347242
-43.9430702 -19.9349814
-43.9443737 -19.9347393
-43.944025 -19.9335139
-43.942759 -19.9338013
-43.9424157 -19.9325809
-43.9410907 -19.9329289
-43.9424211 -19.932596
-43.9420617 -19.9313554
-43.9432633 -19.9310075
-43.9437085 -19.9322682
-43.9424264 -19.9326061
-43.9437139 -19.9322733
-43.9440358 -19.933524
-43.9452481 -19.9331407
-43.9455968 -19.9343863
-43.9452535 -19.9331407
-43.9462352 -19.9342602
-43.9455968 -19.9344166
-43.9462405 -19.9342653
-43.9465517 -19.9354201
-43.9458704 -19.9356723
-43.9465785 -19.9354302
-43.9472276 -19.9352588
-43.9469272 -19.9340888
-43.9462405 -19.9342754
-43.9469272 -19.9340989
-43.948338 -19.934346
-43.948499 -19.9349814
-43.947233 -19.9352638
-43.9485043 -19.9349965
-43.9483488 -19.934351
-43.9481395 -19.9334534
-43.9478606 -19.9325254
-43.9465839 -19.9328179
-43.9469486 -19.934114
-43.9465946 -19.9328179
-43.9452535 -19.9331609
-43.9448458 -19.9319354
-43.9437085 -19.9322783
-43.9448512 -19.9319556
-43.9432847 -19.9310024
-43.9446688 -19.930715
-43.9448512 -19.9319556
-43.9462137 -19.9315824
-43.9465839 -19.932823
-43.9478821 -19.9325204
-43.9475602 -19.9312193
-43.9462245 -19.9315824
-43.945865 -19.930362
-43.9475602 -19.9312243
-43.9458758 -19.930367
-43.9446634 -19.9307099
-43.9442503 -19.9294895
-43.9458758 -19.930372
-43.9442611 -19.9294945
-43.9429843 -19.9298223
-43.9432794 -19.9310024
-43.942979 -19.9298274
-43.9442825 -19.9294895
-43.942641 -19.9285767
-43.9442879 -19.9295046
-43.9439178 -19.9282489
-43.9452213 -19.9279211
-43.9455217 -19.9291264
-43.9442825 -19.9294844
-43.9455324 -19.9291314
-43.9458704 -19.930367
-43.9471632 -19.9300795
-43.9475709 -19.9312243
-43.947174 -19.9300795
-43.9468414 -19.9288288
-43.9455271 -19.9291415
-43.9468467 -19.9288339
-43.9464712 -19.9276437
-43.945232 -19.9279311
-43.9464819 -19.9276487
-43.9461708 -19.9264232
-43.9448941 -19.9267409
-43.9461708 -19.9264232
-43.9458168 -19.9251775
-43.9445186 -19.9255406
-43.9458114 -19.9251775
-43.9454949 -19.9239873
-43.9467448 -19.9236544
-43.9470828 -19.92488
-43.9458007 -19.9251876
-43.9470881 -19.9249001
-43.9474207 -19.9260904
-43.9461654 -19.9264232
-43.9474261 -19.9261105
-43.9477801 -19.9273108
-43.9464766 -19.9276588
-43.9477694 -19.9273108
-43.9481074 -19.9285313
-43.9468521 -19.928849
-43.9481181 -19.9285464
-43.9484131 -19.9297517
-43.947174 -19.9300896
-43.9484185 -19.9297517
-43.9496469 -19.9295197
-43.9487565 -19.9309923
-43.9475709 -19.9312495
-43.9487725 -19.9309974
-43.9506608 -19.9305788
-43.9509827 -19.9317589
-43.9492768 -19.9322178
-43.9478552 -19.9325154
-43.9492875 -19.9322178
-43.950296 -19.932939
-43.9481395 -19.9334433
-43.9493412 -19.9331508
-43.9503068 -19.9329541
-43.9493412 -19.9331508
-43.9501727 -19.933761
-43.9483541 -19.9343258
-43.9501673 -19.9337711
-43.9507037 -19.9345023
-43.9485043 -19.9349965
-43.9507306 -19.9345074
-43.9523238 -19.9340636
-43.9507842 -19.933176
-43.950296 -19.932944
-43.9507735 -19.933181
-43.9513475 -19.9329743
-43.9509934 -19.9317539
-43.9516908 -19.9315773
-43.9520341 -19.9327978
-43.9513475 -19.9329743
-43.9520341 -19.9327978
-43.9523238 -19.9340585
-43.9536327 -19.9337106
-43.9533216 -19.9324851
-43.9520395 -19.9327978
-43.9533323 -19.93247
-43.9546734 -19.9321775
-43.9547002 -19.9326364
-43.9536273 -19.9337106
-43.9547056 -19.9326313
-43.9546573 -19.9321724
-43.9552528 -19.9320564
-43.9547056 -19.9326414
-43.9552528 -19.9320564
-43.9558053 -19.9313655
-43.9568514 -19.9303216
-43.9556068 -19.9306444
-43.9557999 -19.9313504
-43.9556068 -19.9306645
-43.9542711 -19.9309671
-43.9546734 -19.9321775
-43.9542657 -19.9309772
-43.9529943 -19.9312748
-43.9533323 -19.9324901
-43.9529997 -19.9312899
-43.9516747 -19.9315824
-43.9513475 -19.9303267
-43.9506716 -19.9305939
-43.9503014 -19.9293029
-43.9496469 -19.9295197
-43.949368 -19.9282539
-43.9481342 -19.9285716
-43.9493841 -19.928259
-43.9490569 -19.9269881
-43.9477855 -19.9273058
-43.949073 -19.9270032
-43.9487457 -19.9257928
-43.9474314 -19.9261105
-43.9487404 -19.9258079
-43.9484292 -19.924537
-43.9484292 -19.9245522
-43.9480323 -19.9233216
-43.9467555 -19.9236696
-43.9484346 -19.9245522
-43.9470881 -19.9249102
-43.9484346 -19.9245421
-43.9499849 -19.9254448
-43.9487457 -19.9257979
-43.9499956 -19.9254398
-43.9503765 -19.9266956
-43.949073 -19.9270082
-43.9503765 -19.9266905
-43.9506608 -19.9279362
-43.9493787 -19.928259
-43.9496684 -19.9295298
-43.9506769 -19.9279311
-43.9516371 -19.9263677
-43.9499956 -19.92546
-43.9496684 -19.9242647
-43.94844 -19.9245522
-43.949663 -19.9242798
-43.9493412 -19.9229887
-43.9480376 -19.9233065
-43.9477158 -19.9220658
-43.9464015 -19.9223835
-43.9477319 -19.9220708
-43.9473993 -19.920926
-43.9486814 -19.9205528
-43.9489818 -19.9217783
-43.9493465 -19.9229837
-43.9489764 -19.9217834
-43.9477372 -19.9220809
-43.9489818 -19.9217783
-43.9503014 -19.9214858
-43.9499903 -19.9202602
-43.9486921 -19.9205729
-43.9499903 -19.9202602
-43.9496362 -19.9190145
-43.9509505 -19.918722
-43.9506125 -19.9176578
-43.9493304 -19.917799
-43.9506179 -19.9176729
-43.952018 -19.9175569
-43.9522219 -19.918374
-43.9509398 -19.9187371
-43.9522272 -19.9183891
-43.9534932 -19.9180815
-43.9533377 -19.9174561
-43.9520341 -19.9175418
-43.9533377 -19.917451
-43.954668 -19.9178091
-43.9534932 -19.9180966
-43.954668 -19.917799
-43.9549685 -19.9179957
-43.9551294 -19.9189388
-43.9564866 -19.9186312
-43.9549738 -19.9180108
-43.9564866 -19.9186312
-43.9567924 -19.9199324
-43.9554513 -19.9202098
-43.9564919 -19.9186463
-43.9554673 -19.9202199
-43.9551401 -19.918954
-43.9538527 -19.919307
-43.9535093 -19.9181016
-43.9538473 -19.9193121
-43.9541745 -19.9205275
-43.9554513 -19.9202148
-43.9541745 -19.9205225
-43.9528656 -19.9208554
-43.9525384 -19.9196298
-43.9538741 -19.9193171
-43.9525437 -19.9196349
-43.9522272 -19.9184093
-43.9525491 -19.91965
-43.9512402 -19.9199223
-43.9509398 -19.9187321
-43.9512402 -19.9199324
-43.9499903 -19.9202602
-43.9512348 -19.9199375
-43.9515674 -19.9211832
-43.9528763 -19.9208554
-43.9515835 -19.9211731
-43.9503121 -19.9215009
-43.9506447 -19.9226912
-43.9493412 -19.9229938
-43.9506555 -19.9227063
-43.9509881 -19.923952
-43.9496738 -19.9242798
-43.9509988 -19.923952
-43.9512831 -19.9251473
-43.9499903 -19.925465
-43.9512831 -19.9251321
-43.9516318 -19.9263728
-43.9525759 -19.9248699
-43.951267 -19.9251321
-43.9525759 -19.9248749
-43.9523023 -19.9235889
-43.9510041 -19.9239722
-43.9523238 -19.923604
-43.9519429 -19.9223684
-43.9506501 -19.9227214
-43.951959 -19.9223785
-43.951562 -19.9211933
-43.952871 -19.9208604
-43.9532304 -19.9220557
-43.9519483 -19.9223684
-43.9532304 -19.9220607
-43.9545554 -19.9217531
-43.954196 -19.9205326
-43.9545554 -19.9217682
-43.955462 -19.9202098
-43.9558321 -19.9214354
-43.9571357 -19.9211025
-43.9567924 -19.9199425
-43.957141 -19.9211176
-43.9574575 -19.9223432
-43.9561647 -19.9226609
-43.9558589 -19.9214202
-43.9545554 -19.9217682
-43.9548558 -19.9229686
-43.9561701 -19.922671
-43.9548504 -19.9229585
-43.9535683 -19.9232762
-43.95455 -19.9217682
-43.9535844 -19.9232863
-43.9532411 -19.9220759
-43.9535683 -19.9232762
-43.9523131 -19.9236191
-43.9525867 -19.9248749
-43.9536059 -19.9232812
-43.9539009 -19.9244866
-43.9525813 -19.9248699
-43.9539117 -19.9244967
-43.9542389 -19.9257222
-43.9529568 -19.9260399
-43.9526188 -19.92488
-43.9516479 -19.9263728
-43.9529514 -19.9260399
-43.9516693 -19.9263677
-43.9503872 -19.9267107
-43.951664 -19.9263829
-43.9519912 -19.9276084
-43.9506716 -19.9279412
-43.9520073 -19.9276235
-43.9532626 -19.9272957
-43.9516425 -19.9263879
-43.9532679 -19.9273058
-43.9529461 -19.9260651
-43.9542496 -19.9257373
-43.9545822 -19.9269275
-43.9532733 -19.9272907
-43.9545929 -19.9269225
-43.955875 -19.9266401
-43.9571679 -19.926282
-43.9568514 -19.9250968
-43.9565134 -19.9238511
-43.9561862 -19.922676
-43.9574629 -19.9223533
-43.9577901 -19.9235485
-43.9565027 -19.9238612
-43.9578009 -19.9235586
-43.9581656 -19.9247791
-43.956846 -19.9251069
-43.9581603 -19.9247892
-43.9583856 -19.92605
-43.9571679 -19.9262921
-43.9583963 -19.9260551
-43.9579028 -19.9275378
-43.9575326 -19.9275781
-43.9571679 -19.9262971
-43.957538 -19.9275832
-43.9577097 -19.9280572
-43.9579082 -19.9275479
-43.9577311 -19.9280572
-43.957538 -19.9275882
-43.9561862 -19.9278605
-43.9558804 -19.9266552
-43.9561754 -19.9278605
-43.9548987 -19.9281984
-43.9545876 -19.9269427
-43.9548934 -19.9281984
-43.9565027 -19.9290759
-43.9561754 -19.9278605
-43.9565027 -19.9290659
-43.9573985 -19.9288843
-43.9577204 -19.9280623
-43.9574039 -19.9288994
-43.9572001 -19.9294391
-43.956508 -19.9290759
-43.956846 -19.9303267
-43.9572054 -19.9294391
-43.956508 -19.9290709
-43.955242 -19.9294088
-43.9556175 -19.9306696
-43.955242 -19.9293987
-43.9549041 -19.9281934
-43.9536059 -19.9285212
-43.9532894 -19.9272907
-43.9549041 -19.9282035
-43.9535952 -19.9285212
-43.9539492 -19.9297416
-43.9552528 -19.929429
-43.9539385 -19.9297467
-43.9542764 -19.9309722
-43.9539385 -19.9297517
-43.9526618 -19.9300493
-43.9530212 -19.9312899
-43.9526564 -19.9300594
-43.9513582 -19.9303267
-43.951031 -19.9291264
-43.9523184 -19.9288238
-43.9526778 -19.9300543
-43.9523131 -19.9288288
-43.9536059 -19.9285162
-43.953284 -19.9272907
-43.9520019 -19.9276286
-43.9523238 -19.9288087
-43.9503014 -19.9293382
-43.951031 -19.9291466
-43.9523077 -19.9288137
-43.9510524 -19.9291365
-43.9506555 -19.9279463
-43.9493787 -19.928269
-43.9481449 -19.9285615
-43.9468575 -19.928854
-43.9455271 -19.9291264
-43.944304 -19.9295097
-43.9429951 -19.9298425
-43.9417613 -19.9301754
-43.9403772 -19.9304477
-43.9391005 -19.9307704
-43.937856 -19.9311335
-43.9364719 -19.9314462
-43.9352167 -19.9317286
-43.933897 -19.9320716
-43.9325988 -19.932354
-43.9312685 -19.9326969
-43.929981 -19.9330701
-43.9290798 -19.9345527
-43.9282429 -19.9357832
-43.9280391 -19.9360959
-43.9271057 -19.9376088
-43.9280498 -19.9361261
-43.9282537 -19.9358034
-43.9290476 -19.9345326
-43.9299917 -19.9330096
-43.930968 -19.9314462
-43.9319015 -19.9298728
-43.9327168 -19.9285918
-43.93291 -19.9282489
-43.9338434 -19.9268569
-43.935324 -19.9245169
-43.9367509 -19.922086
-43.9377058 -19.9206738
-43.9373302 -19.9194331
-43.9370084 -19.9182025
-43.9366329 -19.9169416
-43.936429 -19.9161649
-43.9362359 -19.9154084
-43.9359999 -19.9144703
-43.9373302 -19.9141071
-43.9360213 -19.9144703
-43.9347017 -19.9147527
-43.934015 -19.9149746
-43.9331567 -19.9145207
-43.9316547 -19.9136734
-43.9318478 -19.9146316
-43.9306033 -19.9149242
-43.9318532 -19.9146316
-43.9316976 -19.9136935
-43.9331675 -19.9145308
-43.9340258 -19.9149797
-43.9342189 -19.9159178
-43.9346159 -19.917451
-43.9353883 -19.9173501
-43.9370191 -19.9182075
-43.9386231 -19.9190902
-43.9402485 -19.9200081
-43.9419115 -19.9209209
-43.9435047 -19.921854
-43.9447492 -19.9215211
-43.946085 -19.9212235
-43.9470452 -19.9196399
-43.9479035 -19.9181369

1104 68 154.46465929752566
68 5 158.40658027019379
5 42 26.018040599520415
42 6 49.152826154442096
6 5 54.65496476081378
5 6 54.65496476081378
6 9 106.0105525922098
9 40 92.40139007866635
40 9 92.40139007866635
9 14 152.16340969307862
14 37 57.86510826678418
37 40 143.25612269036588
40 37 143.25612269036588
37 14 57.86510826678418
14 21 154.34075358162482
21 18 34.134278201385285
18 37 106.44751805897796
37 18 106.44751805897796
18 34 32.85123725642921
34 22 55.19160880490612
22 21 62.002813806469625
21 22 62.002813806469625
22 31 102.7265974320242
31 28 157.93012782100104
28 25 76.69555532047195
25 114 32.41701031491299
114 111 94.80424730722312
111 28 37.995695030153506
28 111 37.995695030153506
111 108 148.94550719664315
108 31 76.70573793327041
31 108 76.70573793327041
108 105 147.11138077761714
105 34 102.77919869422209
34 105 102.77919869422209
105 102 143.02247906778777
102 37 105.92882124606965
37 102 105.92882124606965
102 95 141.56585029991422
95 40 105.29456494002744
40 45 149.59182893876934
45 42 105.48751430790068
42 61 131.83928185993227
61 48 29.049873516925846
48 45 101.89903709155823
45 92 103.80933575013499
92 49 152.7615772331065
49 48 23.48534004638434
48 49 23.48534004638434
49 81 24.724076007436757
81 87 72.03484364219567
87 92 140.11865735619088
92 87 140.11865735619088
87 81 72.03484364219567
81 82 32.22049351478476
82 58 30.05112189816947
58 1096 102.47629949855039
1096 58 102.47629949855039
58 72 21.79323410676559
72 62 33.22694101335153
62 61 25.833395768783
61 62 25.833395768783
62 69 76.12274847082423
69 66 105.62230573950428
66 65 21.130001735244623
65 66 21.130001735244623
66 69 105.62230573950428
69 68 66.27909908957014
68 69 66.27909908957014
69 70 113.83346619231979
70 73 18.04796462727657
73 72 127.51044720899266
72 73 127.51044720899266
73 1102 33.929168352004034
1102 1104 103.33471324148076
1104 1102 103.33471324148076
1102 1096 107.00703421070587
1096 78 83.93886843703093
78 79 40.27944177578005
79 87 115.45261194470646
87 81 72.03484364219567
81 82 32.22049351478476
82 83 118.45862235422041
83 150 20.400304495959706
150 147 101.62724553169649
147 144 148.9321664504455
144 87 104.76737828314056
87 144 104.76737828314056
144 141 141.33532260414682
141 90 79.11854613230305
90 99 18.97178973449846
99 92 27.52096209515225
92 99 27.52096209515225
99 94 14.502326504154546
94 95 126.00348901856658
95 136 104.96229051336779
136 141 156.01784371993008
141 136 156.01784371993008
136 99 173.50800243622135
99 136 173.50800243622135
136 134 140.94999488154764
134 102 104.1366541627062
102 134 104.1366541627062
134 131 146.4400355324761
131 105 108.51032929691893
105 131 108.51032929691893
131 126 146.32751945683285
126 108 106.71695717693147
108 126 106.71695717693147
126 1569 148.70978291734085
1569 111 106.3178878711656
111 1569 106.3178878711656
1569 115 141.16894946902718
115 114 42.51005232307001
114 115 42.51005232307001
115 116 31.98162565993803
116 119 66.52934876034445
119 1569 144.72175041276878
1569 119 144.72175041276878
119 223 106.06412742633559
223 220 146.84896624406633
220 1569 107.31220096752037
1569 1570 158.68438365830718
1570 220 143.34487604696642
220 1570 143.34487604696642
1570 126 99.78609148306964
126 1570 99.78609148306964
1570 1571 34.4208399616105
1571 129 30.04416060590181
129 212 96.68353995329934
212 131 103.74830668238748
131 212 103.74830668238748
212 208 148.57479682377144
208 134 105.18638913942473
134 208 105.18638913942473
208 136 190.00732615395384
136 205 104.79201531580621
205 208 139.78006749541981
208 205 139.78006749541981
205 202 157.17218811094563
202 141 105.90671602897486
141 202 105.90671602897486
202 193 148.52156444980884
193 144 100.66761514457406
144 193 100.66761514457406
193 190 141.056703978293
190 147 106.43988715097754
147 155 131.03644605091097
155 151 112.80211361752949
151 150 35.913319126993684
150 151 35.913319126993684
151 152 23.26857135020265
152 1094 111.96681122535801
1094 154 86.66644330178104
154 155 19.44921689709594
155 160 15.322878901489366
160 157 92.77311236473464
157 164 42.61120222465509
164 189 88.96233588307554
189 160 105.07239083813526
160 189 105.07239083813526
189 186 105.51898248003083
186 177 126.8415325003403
177 164 38.21304823107196
164 177 38.21304823107196
177 171 111.37593262221421
171 167 80.32140169201321
167 1090 102.41179721890512
1090 1086 86.27160112252275
1086 1083 104.28337610557178
1083 171 101.23480883395732
171 172 41.317526384582315
172 173 56.70120358853307
173 890 67.30458603757256
890 180 127.72349430740412
180 176 130.02641262139093
176 177 38.35997526680508
177 186 126.8415325003403
186 1560 100.36029647635186
1560 180 93.6608356938391
180 1560 93.6608356938391
1560 1561 141.29772464372263
1561 186 189.5766044915514
186 1561 189.5766044915514
1561 191 102.98830204573513
191 186 148.01632170146135
186 191 148.01632170146135
191 190 108.44158190342246
190 189 144.82026485925553
189 190 144.82026485925553
190 191 108.44158190342246
191 200 140.47697050360878
200 193 108.20205234993114
193 200 108.20205234993114
200 1562 103.11476635789266
1562 1561 149.19712234479803
1561 1562 149.19712234479803
1562 1563 146.01567868169636
1563 203 105.02475806599176
203 200 147.91448680179684
200 203 147.91448680179684
203 202 104.38679793193207
202 203 104.38679793193207
203 239 148.14209947098172
239 205 105.63782895082647
205 239 105.63782895082647
239 236 145.59657378507677
236 208 106.30681189617917
208 1566 192.47284164305884
1566 236 141.65948687034378
236 1566 141.65948687034378
1566 212 101.60909007516995
212 1566 101.60909007516995
1566 1571 136.05935312454307
1571 215 32.20470863014061
215 230 80.10545568409954
230 1566 148.67268499734385
1566 230 148.67268499734385
230 227 150.68702389610905
227 220 101.8895107697977
220 227 101.8895107697977
227 224 140.65598702854103
224 223 103.15184605486499
223 224 103.15184605486499
224 264 105.98336239950102
264 257 145.09348777923412
257 227 104.69320844516778
227 257 104.69320844516778
257 261 144.6153907864031
261 230 103.9514473262636
230 261 103.9514473262636
261 251 147.8862970347292
251 1566 109.87927196226396
1566 251 109.87927196226396
251 1573 143.20359833319975
1573 236 103.06104774755896
236 1573 103.06104774755896
1573 1564 144.07139275179458
1564 239 103.23498198218563
239 1564 103.23498198218563
1564 1563 150.35349952053286
1563 304 105.3338785749095
304 1574 143.70499285091793
1574 1564 105.83464536583838
1564 1574 105.83464536583838
1574 289 145.8895631329155
289 1573 104.40259883453353
1573 1574 165.91517186090226
1574 289 145.8895631329155
289 284 148.12701295252882
284 251 101.37303447817472
251 284 101.37303447817472
284 279 148.24476618638727
279 261 104.33368282961689
261 279 104.33368282961689
279 267 144.9127662316646
267 257 108.03817726141173
257 267 108.03817726141173
267 261 198.0767004955975
261 1566 199.5654194857374
1566 261 199.5654194857374
261 267 198.0767004955975
267 265 147.76909303740487
265 264 107.2500733249939
264 265 107.2500733249939
265 273 101.61189596816396
273 267 193.6291838663422
267 277 103.74629290476541
277 273 148.50453306053637
273 270 21.1381414130105
270 429 109.66934430318817
429 432 72.65825566459552
432 273 133.27076618614993
273 432 133.27076618614993
432 429 72.65825566459552
429 426 140.44231206212814
426 277 103.47098526097167
277 282 146.31013261509605
282 279 106.50164295588519
279 282 106.50164295588519
282 425 104.91809616739069
425 282 104.91809616739069
282 287 144.2171504785531
287 284 106.67651575931762
284 287 106.67651575931762
287 406 106.10731835256264
406 287 106.10731835256264
287 292 148.6353488077838
292 289 106.08971654445294
289 292 106.08971654445294
292 405 105.78445517055056
405 292 105.78445517055056
292 297 144.1419438749028
297 1574 105.11205891506037
1574 297 105.11205891506037
297 388 103.92772004475421
388 297 103.92772004475421
297 1575 145.62094021619242
1575 1574 163.46398658720022
1574 1575 163.46398658720022
1575 304 108.45755281444949
304 1575 108.45755281444949
1575 326 197.26102601789438
326 304 147.79864222317468
304 326 147.79864222317468
326 1562 109.91353755570378
1562 326 109.91353755570378
326 1561 200.0934002217383
1561 323 107.10800475474937
323 326 144.90469436404555
326 323 144.90469436404555
323 320 150.65716150814356
320 1560 106.97404485663212
1560 320 106.97404485663212
320 887 145.69551364947225
887 1559 109.80869200130039
1559 887 109.80869200130039
887 884 104.72390861104765
884 339 149.11528913781214
339 320 106.60120405635656
320 339 106.60120405635656
339 336 142.23832408490608
336 323 104.88319143521674
323 336 104.88319143521674
336 333 152.2293067066817
333 326 103.97591851839746
326 333 103.97591851839746
333 1575 145.71935003535964
1575 359 103.45026835369856
359 1575 103.45026835369856
1575 1576 137.0645030096277
1576 1577 34.9130638507147
1577 333 112.33860329306738
333 1577 112.33860329306738
1577 349 138.4127448692577
349 336 107.58108956374143
336 349 107.58108956374143
349 346 147.5741042234513
346 339 107.48090408414666
339 346 107.48090408414666
346 881 146.37744797185866
881 884 109.72185088055237
884 881 109.72185088055237
881 880 103.76238047198443
880 597 150.5147984043232
597 346 101.89366155084222
346 597 101.89366155084222
597 1578 141.20099896093961
1578 349 100.75978312754818
349 1578 100.75978312754818
1578 366 142.19717875894682
366 1577 92.93629891163579
1577 366 92.93629891163579
366 364 151.38147563720423
364 359 103.12614554285123
359 358 94.94576880350213
358 1576 33.57090461627326
1576 358 33.57090461627326
358 359 94.94576880350213
359 388 145.8256024864217
388 1575 190.85064550682984
1575 388 190.85064550682984
388 384 106.57381575768487
384 364 146.40241588243967
364 373 106.34469633090251
373 366 201.4554723090971
366 367 238.7926922158448
367 578 142.8238733095353
578 474 441.9238094928627
474 471 61.00309361542705
471 394 40.66525792794512
394 375 150.11239014709838
375 373 200.79511170126062
373 383 145.56156827167456
383 375 109.66464492504626
375 398 131.27893336568985
398 391 106.28696722640028
391 383 135.92792267751713
383 402 164.08203296421883
402 391 97.75436832204065
391 402 97.75436832204065
402 384 148.43389626899403
384 383 105.85466079266529
383 384 105.85466079266529
384 388 106.57381575768487
388 405 149.7472842691927
405 402 110.70462601521503
402 388 202.3979536841741
388 402 202.3979536841741
402 412 193.09518189958922
412 391 159.25113935325157
391 398 106.28696722640028
398 393 74.93086685162164
393 394 25.558552472103326
394 471 40.66525792794512
471 479 146.14740469754747
479 416 105.86407673814556
416 398 158.02103913101146
398 416 158.02103913101146
416 412 102.62339715703489
412 409 107.64643266730464
409 402 144.07518492585868
402 409 144.07518492585868
409 406 105.02101642218483
406 405 145.7524317480167
405 406 145.7524317480167
406 425 142.5690911498372
425 420 102.96004297638174
420 409 138.88954549241106
409 420 138.88954549241106
420 419 102.29691869478283
419 412 135.34736108639612
412 468 194.26248532723056
468 419 112.90371784646918
419 468 112.90371784646918
468 416 146.50645294582756
416 468 146.50645294582756
468 461 158.89409783104782
461 419 152.5552456554314
419 420 102.29691869478283
420 427 145.8817979393977
427 461 109.5110786284412
461 427 109.5110786284412
427 426 105.21926474239073
426 425 148.44887758593057
425 426 148.44887758593057
426 427 105.21926474239073
427 445 148.91795073892328
445 429 108.24324003774983
429 445 108.24324003774983
445 433 110.5533275517693
433 432 50.67551918330985
432 433 50.67551918330985
433 436 93.38051694502055
436 445 150.78823741173292
445 436 150.78823741173292
436 441 50.63887012051716
441 438 28.48212332169939
438 452 53.68943337652803
452 449 69.52928152481962
449 441 78.92769939520122
441 449 78.92769939520122
449 452 69.52928152481962
452 455 145.5520637681085
455 445 102.51057276948364
445 461 163.80130632005623
461 455 145.90876446298418
455 452 145.5520637681085
452 449 69.52928152481962
449 498 145.54288326887882
498 495 144.24077824260786
495 452 104.3038919864662
452 495 104.3038919864662
495 492 145.85740161083226
492 455 105.99254718486857
455 492 105.99254718486857
492 459 73.60843337762319
459 458 104.2010470940267
458 459 104.2010470940267
459 465 71.88762373609492
465 461 102.50679580067971
461 465 102.50679580067971
465 468 144.5341636361614
468 489 192.46992230823912
489 465 105.19188048815903
465 489 105.19188048815903
489 482 144.4793734670811
482 468 103.19427992846454
468 479 164.05502342362655
479 477 79.10575989606043
477 471 97.47448314444236
471 477 97.47448314444236
477 575 78.83042967169207
575 474 40.52233572788354
474 575 40.52233572788354
575 542 140.6526895229169
542 477 95.73170578663735
477 542 95.73170578663735
542 479 104.06144249853436
479 542 104.06144249853436
542 531 148.39362833771438
531 482 106.602019250702
482 531 106.602019250702
531 528 144.51301435396505
528 489 106.41676989046657
489 528 106.41676989046657
528 515 147.18111560711156
515 493 105.39442795968942
493 489 149.4867571291119
489 515 197.32991527946126
515 493 105.39442795968942
493 492 107.25943546081076
492 493 107.25943546081076
493 502 143.23908000169138
502 495 107.91035164242795
495 502 107.91035164242795
502 499 147.1621818063664
499 498 105.95856026469586
498 499 105.95856026469586
499 509 105.62325513577656
509 506 148.01939957494017
506 502 102.06028919119684
502 506 102.06028919119684
506 515 143.55450186619802
515 513 193.13073701643674
513 506 105.85983849476114
506 513 105.85983849476114
513 510 147.84698111154546
510 509 108.60744238654405
509 510 108.60744238654405
510 511 98.7555724773411
511 519 144.28710752767063
519 513 106.25849916070209
513 526 147.21697306155846
526 515 103.74690111586261
515 526 103.74690111586261
526 523 51.16308075806408
523 520 54.80471808686774
520 519 144.65177837610148
519 520 144.65177837610148
520 534 147.3585510780699
534 524 52.36058042413025
524 523 145.63284676496644
523 524 145.63284676496644
524 529 50.76144535391307
529 526 145.09243371896238
526 529 145.09243371896238
529 528 105.88852244403755
528 529 105.88852244403755
529 540 144.01793051710007
540 531 104.85720373621251
531 540 104.85720373621251
540 535 105.13363419151474
535 534 141.24863356442776
534 535 141.24863356442776
535 553 36.953249177421256
553 551 71.19216329839574
551 549 58.87796675078866
549 543 104.33619919175088
543 540 151.56042075146138
540 543 151.56042075146138
543 542 103.34893499860836
542 543 103.34893499860836
543 546 147.88055001431698
546 575 105.67563752777399
575 546 105.67563752777399
546 572 107.41245315741719
572 548 67.49305625838872
548 549 89.11598878259261
549 550 29.84823726490854
550 551 29.12058866983589
551 552 35.684237430806554
552 553 35.52050199477265
553 560 286.6300572417763
560 555 123.3510653634369
555 556 29.23216868912204
556 568 103.53083787140565
568 563 62.37787860908474
563 646 95.43460068969064
646 560 26.00141548968522
560 646 26.00141548968522
646 643 99.46352280926543
643 563 14.129089721982481
563 643 14.129089721982481
643 640 137.67867840496436
640 631 149.71224959622728
631 630 53.12666238391128
630 568 213.58939969076934
568 630 213.58939969076934
630 576 74.24784177892047
576 573 116.14915372219764
573 572 107.06697055861756
572 573 107.06697055861756
573 576 116.14915372219764
576 575 225.10671356261687
575 576 225.10671356261687
576 579 294.1901160634521
579 578 63.07691322432655
578 579 63.07691322432655
579 580 130.056710251613
580 581 243.79485270914373
581 619 101.04675476236767
619 716 55.13220268580159
716 717 93.58424529842641
717 614 166.60310653677985
614 611 107.3638370786879
611 716 166.1445387552902
716 611 166.1445387552902
611 608 97.879923253829
608 619 161.3739116674583
619 608 161.3739116674583
608 1580 103.30262681430986
1580 1579 251.46078141346533
1579 1578 249.73176195554888
1578 1579 249.73176195554888
1579 878 93.01668700226895
878 597 167.1781182883363
597 878 167.1781182883363
878 880 103.59947622446178
880 878 103.59947622446178
878 876 143.9908598927448
876 855 104.67776435968575
855 878 165.66711964775251
878 855 165.66711964775251
855 1580 110.83260342528519
1580 853 144.25206818267026
853 1581 101.70536707730976
1581 608 148.4068729647259
608 1581 148.4068729647259
1581 1582 108.0048832619061
1582 611 143.83725801063724
611 1582 143.83725801063724
1582 1603 104.29896484268234
1603 614 142.02313667757014
614 1602 101.08434800322489
1602 1601 86.20366585178989
1601 617 108.84577710198901
617 618 99.60296607841913
618 619 44.962115666906556
619 716 55.13220268580159
716 715 193.56429987727728
715 636 108.3477962792966
636 623 97.32585017421638
623 636 97.32585017421638
636 633 60.15070234572767
633 626 70.35743954688336
626 633 70.35743954688336
633 628 55.46649313882009
628 629 140.57747859637132
629 630 141.04734028255962
630 631 53.12666238391128
631 638 62.96796485985741
638 633 258.3339884976728
633 638 258.3339884976728
638 656 53.94365937139609
656 636 263.521739923481
636 656 263.521739923481
656 638 53.94365937139609
638 653 145.20960388871063
653 640 67.44014462206519
640 653 67.44014462206519
653 650 138.86855073592625
650 643 60.864603574495
643 650 60.864603574495
650 647 105.89251920691287
647 646 66.70706260435823
646 647 66.70706260435823
647 666 69.07044154969705
666 663 109.64786912810541
663 650 75.03668450240903
650 663 75.03668450240903
663 660 137.23340192684748
660 653 72.25044693358166
653 660 72.25044693358166
660 657 142.46576895947732
657 656 19.430208186965853
656 657 19.430208186965853
657 708 88.75529186340978
708 661 149.25307040669355
661 660 84.53865682576313
660 661 84.53865682576313
661 680 132.3377223885915
680 663 89.52620634883156
663 680 89.52620634883156
680 667 105.58672248439441
667 666 90.34801717843071
666 667 90.34801717843071
667 673 43.9723278616436
673 693 140.34325326140373
693 670 58.68761455876322
670 690 156.90840365267027
690 1595 67.64314831587183
1595 673 325.96414072900296
673 1595 325.96414072900296
1595 688 56.57807370339372
688 678 168.49866241860678
678 677 55.23517912965069
677 678 55.23517912965069
678 681 46.01132192295193
681 680 107.8965043536918
680 681 107.8965043536918
681 682 54.0343221664302
682 703 145.53544023483462
703 708 56.190680466653525
708 703 56.190680466653525
703 705 92.28793017612912
705 687 65.38534070035885
687 688 41.9352275108342
688 1595 56.57807370339372
1595 690 67.64314831587183
690 695 70.94861400376956
695 694 144.2456280634256
694 693 60.44813479222287
693 694 60.44813479222287
694 695 144.2456280634256
695 696 76.53327571543602
696 1597 105.96822218517521
1597 700 155.31927996647215
700 705 87.16023747591079
705 700 87.16023747591079
700 711 97.51471953994455
711 706 139.99556978224612
706 703 31.811940272945456
703 706 31.811940272945456
706 705 60.51128125200111
705 706 60.51128125200111
706 714 107.57783308743016
714 708 99.70852711564157
708 714 99.70852711564157
714 712 136.99164120604942
712 711 106.98774315619836
711 712 106.98774315619836
712 715 93.33110001267177
715 714 174.34174489425217
714 715 174.34174489425217
715 716 193.56429987727728
716 717 93.58424529842641
717 718 101.33354801997788
718 1601 76.25249341602655
1601 1600 130.77172450737874
1600 721 71.34910285093746
721 1598 127.59985118046984
1598 1597 176.61910667534863
1597 1599 278.54256245583105
1599 1600 78.32074952836204
1600 734 79.50227039254374
734 1602 139.94873696777987
1602 734 139.94873696777987
734 1590 82.2791590691058
1590 1599 77.28009665437312
1599 1590 77.28009665437312
1590 1589 148.36499627107554
1589 1586 79.00617112649304
1586 734 148.31539820450595
734 1586 148.31539820450595
1586 1584 130.7678126071411
1584 1602 142.1252201040379
1602 1584 142.1252201040379
1584 1603 110.3276486231814
1603 762 143.6973744906246
762 1604 103.97878557815504
1604 1603 191.79660996299657
1603 1604 191.79660996299657
1604 1582 146.26983113705305
1582 1604 146.26983113705305
1604 1581 162.95497537277703
1581 1604 162.95497537277703
1604 851 107.55839507267541
851 1581 140.68556547279772
1581 851 140.68556547279772
851 1605 146.8481358564327
1605 1604 195.0575474685593
1604 845 148.4922249154849
845 1605 102.9555545000686
1605 845 102.9555545000686
845 842 101.75033841295284
842 1604 152.97098132326101
1604 762 103.97878557815504
762 842 139.36997373795901
842 841 111.75256024752531
841 763 148.75610022824628
763 762 107.0435657210123
762 763 107.0435657210123
763 1584 148.10692068163019
1584 1585 66.35026123884836
1585 766 143.57503444777527
766 1585 143.57503444777527
1585 839 145.548190470333
839 773 74.48520790180774
773 1586 148.5712108134141
1586 1589 79.00617112649304
1589 1588 148.32810957503622
1588 773 77.84960821009027
773 802 142.29432237912735
802 841 134.99793474632185
841 802 134.99793474632185
802 785 70.12535385174698
785 1588 138.2236325444481
1588 785 138.2236325444481
785 782 66.52503557142961
782 1588 139.00754589838948
1588 782 139.00754589838948
782 790 140.68703724644038
790 800 123.57970037420945
800 785 154.0148737001603
785 800 154.0148737001603
800 798 91.54727254432736
798 792 75.32901058009463
792 791 94.99617031905976
791 790 107.02774311984308
790 791 107.02774311984308
791 792 94.99617031905976
792 793 242.62883892058545
793 817 53.69411918883559
817 814 79.61813205473265
814 796 99.01205786291519
796 811 84.82291796977019
811 798 133.0444172011592
798 803 104.63603066276546
803 800 76.49038580674096
800 803 76.49038580674096
803 802 150.14814396348746
802 803 150.14814396348746
803 808 61.79943256567893
808 840 148.06829445145712
840 808 148.06829445145712
808 811 101.64582403692016
811 808 101.64582403692016
808 836 74.99615764038133
836 830 98.56399146333041
830 811 74.94731721133374
811 830 74.94731721133374
830 827 90.50221107530416
827 814 110.45147189548473
814 826 69.45644271173701
826 818 140.9877972824512
818 817 105.2044554167743
817 818 105.2044554167743
818 1024 142.72928228161408
1024 1021 66.32589984983231
1021 1020 143.5930678655657
1020 826 103.89626577971993
826 1020 103.89626577971993
1020 952 102.33455492601468
952 827 106.19038558985913
827 826 99.95592759688049
826 827 99.95592759688049
827 952 106.19038558985913
952 951 98.82581220875268
951 830 100.46544057251016
830 951 100.46544057251016
951 843 94.38835551178565
843 836 101.4453989291235
836 843 101.4453989291235
843 842 151.28392169323934
842 836 171.6109828626637
836 841 143.59320798645854
841 840 67.95000421924972
840 839 149.3240337776523
839 840 149.3240337776523
840 841 67.95000421924972
841 842 111.75256024752531
842 843 151.28392169323934
843 949 105.97241533007428
949 845 143.92417828227332
845 949 143.92417828227332
949 946 106.18447674093032
946 1605 149.55740109422837
1605 939 108.28647682536402
939 864 149.5520810157603
864 851 102.46347555216275
851 864 102.46347555216275
864 853 140.54935153210604
853 862 106.77909817599632
862 855 145.4872430364137
855 862 145.4872430364137
862 873 104.17808570719914
873 876 151.83928695167566
876 873 151.83928695167566
873 870 139.88755537339853
870 867 106.07377181522925
867 862 143.41461769100528
862 867 143.41461769100528
867 864 104.8943730667012
864 939 149.5520810157603
939 938 99.29125046281682
938 867 151.8358985512356
867 938 151.8358985512356
938 980 107.80083489534827
980 870 152.12291254879455
870 932 108.70017744732692
932 903 149.62721739071642
903 873 107.15867277013669
873 903 107.15867277013669
903 905 145.03720657869727
905 876 107.53941831160438
876 905 107.53941831160438
905 878 195.40873666590883
878 905 195.40873666590883
905 880 146.99325649612732
880 881 103.76238047198443
881 907 150.14684303492282
907 900 104.85168588337541
900 884 142.31889046275336
884 900 142.31889046275336
900 895 105.3740162641425
895 887 144.07076287757042
887 895 144.07076287757042
895 1558 107.90923821541932
1558 890 75.75307591538824
890 1558 75.75307591538824
1558 1083 107.01839681790975
1083 1557 160.31144989765676
1557 1558 144.20209411389723
1558 895 107.90923821541932
895 917 147.07318753829173
917 1557 106.44471155039695
1557 917 106.44471155039695
917 909 101.76472258042796
909 900 147.07832120405862
900 907 104.85168588337541
907 905 103.7222233600191
905 903 145.03720657869727
903 911 100.72966735898916
911 905 194.9476183397485
905 911 194.9476183397485
911 907 145.59430431377018
907 911 145.59430431377018
911 909 110.61141621325986
909 926 140.27887137597875
926 911 187.2794807329793
911 931 147.7841318696442
931 932 104.0156216731188
932 931 104.0156216731188
931 926 98.47659967265301
926 924 110.75367124952547
924 917 151.01809507585904
917 924 151.01809507585904
924 1557 168.9922456638045
1557 1556 155.33496128915948
1556 924 114.06297171109426
924 1218 142.48207921730292
1218 989 99.86394191009582
989 924 75.95171059212632
924 989 75.95171059212632
989 926 105.500729734512
926 990 149.47653894142968
990 1218 103.02608133602135
1218 990 103.02608133602135
990 986 107.94103039735246
986 931 144.79228608203206
931 932 104.0156216731188
932 983 145.230790579614
983 986 103.05112665941425
986 983 103.05112665941425
983 980 108.5166983945332
980 978 152.69942571263496
978 938 138.501486607283
938 939 99.29125046281682
939 1606 146.77330704927712
1606 1605 198.7799074986317
1605 1606 198.7799074986317
1606 978 108.58043552982339
978 1607 148.91443839789954
1607 1606 192.22054642137738
1606 946 106.4537502348531
946 961 93.79728623158911
961 954 103.93322847150901
954 949 97.77445535832646
949 954 97.77445535832646
954 951 108.0828082065516
951 952 98.82581220875268
952 1018 102.7875589510172
1018 954 92.25828863420749
954 1018 92.25828863420749
1018 1015 104.8963186876834
1015 961 92.68797512934795
961 1015 92.68797512934795
1015 972 108.44332921561325
972 970 94.25388548003363
970 961 106.66162757321968
961 970 106.66162757321968
970 971 47.25992958893367
971 972 47.00743282754285
972 971 47.00743282754285
971 970 47.25992958893367
970 971 47.25992958893367
971 1607 106.45126491747843
1607 1606 192.22054642137738
1606 970 94.37737711756544
970 971 47.25992958893367
971 972 47.00743282754285
972 1041 100.48877297214912
1041 1608 105.08816657578119
1608 1607 140.83685563034186
1607 996 103.12575312703649
996 981 140.03136758709186
981 978 102.7811662348401
978 981 102.7811662348401
981 980 142.93846391584947
980 981 142.93846391584947
981 994 103.54814764937007
994 983 142.6046708319542
983 994 142.6046708319542
994 1067 107.55915028358524
1067 986 140.5260214390954
986 1067 140.5260214390954
1067 990 163.42690896332624
990 989 76.6241679524048
989 990 76.6241679524048
990 1074 153.15004945217254
1074 1067 107.3266576331809
1067 1065 163.0702088745144
1065 994 141.71761046944172
994 1065 141.71761046944172
1065 996 104.55969514006493
996 1005 66.06419082367506
1005 1006 47.96459445329732
1006 1009 58.9153499509806
1009 1010 77.72687317486617
1010 1055 47.0933629688499
1055 1058 52.23299715987961
1058 1061 58.52081588237085
1061 1064 78.12923087946461
1064 1005 47.80693282565583
1005 1006 47.96459445329732
1006 1607 111.2234463611166
1607 1608 140.83685563034186
1608 1009 39.14884460445907
1009 1010 77.72687317486617
1010 1609 87.26944636044482
1609 1608 150.33287409593274
1608 1041 105.08816657578119
1041 1038 102.44825025058567
1038 1015 102.49418160418575
1015 1038 102.49418160418575
1038 1037 106.39604792006082
1037 1018 103.9891968077989
1018 1037 103.9891968077989
1037 1020 107.04241755160943
1020 1021 143.5930678655657
1021 1036 106.44878780638517
1036 1028 142.99843393242034
1028 1024 134.71102145702397
1024 1028 134.71102145702397
1028 1044 119.60343282519734
1044 1611 132.1583009794097
1611 1028 193.17238785337335
1028 1611 193.17238785337335
1611 1367 160.84827340723152
1367 1364 103.32009851630303
1364 1046 145.37273607925906
1046 1611 108.32337133803551
1611 1044 132.1583009794097
1044 1039 145.7734255713084
1039 1036 103.10888458295798
1036 1037 143.07565113731008
1037 1038 106.39604792006082
1038 1039 147.42780607826995
1039 1052 102.67173755140568
1052 1041 148.01577647029086
1041 1052 148.01577647029086
1052 1610 142.54763706078913
1610 1044 99.51202038979989
1044 1610 99.51202038979989
1610 1046 146.86742820257095
1046 1362 106.27014967678062
1362 1353 146.41460843980704
1353 1610 110.48724628783408
1610 1353 110.48724628783408
1353 1609 147.9734829638674
1609 1052 109.45689114353954
1052 1609 109.45689114353954
1609 1351 99.54203524106701
1351 1055 57.46408564798043
1055 1351 57.46408564798043
1351 1329 110.48432976858042
1329 1058 106.30432156037534
1058 1329 106.30432156037534
1329 1241 142.36987499839486
1241 1061 47.41350688351953
1061 1241 47.41350688351953
1241 1065 152.08834377793545
1065 1064 96.76076326580062
1064 1065 96.76076326580062
1065 1239 109.1018214821426
1239 1067 147.07436015516794
1067 1239 147.07436015516794
1239 1236 105.00552397188646
1236 1074 144.36213402949664
1074 1236 144.36213402949664
1236 1233 102.66101632292877
1233 1220 148.23438797896932
1220 1074 100.07355387650762
1074 1220 100.07355387650762
1220 1218 144.28695145113988
1218 1555 108.97297411711342
1555 1556 139.6698593983013
1556 1166 100.44356324465107
1166 1084 147.00400153636045
1084 1557 106.73098696619277
1557 1084 106.73098696619277
1084 1083 145.53087731550053
1083 1084 145.53087731550053
1084 1164 107.75927679123231
1164 1086 148.6213118126275
1086 1164 148.6213118126275
1164 1132 101.81367666911753
1132 1091 147.79535855672412
1091 1090 18.420645309223897
1090 1091 18.420645309223897
1091 1114 102.5613085670666
1114 1113 143.77132009776133
1113 1094 146.73585163361696
1094 1111 107.47975357865697
1111 1096 155.35482584980232
1096 1111 155.35482584980232
1111 1108 104.39241343985066
1108 1102 152.70227183967336
1102 1108 152.70227183967336
1108 1105 104.01984542196891
1105 1102 192.94131820487303
1102 1105 192.94131820487303
1105 1104 149.484616009167
1104 1105 149.484616009167
1105 1122 149.0834267096427
1122 1119 105.47155814231023
1119 1108 146.86778706421612
1108 1119 146.86778706421612
1119 1116 107.84637084054467
1116 1111 143.10749935706963
1111 1116 143.10749935706963
1116 1113 103.26345246811955
1113 1114 143.77132009776133
1114 1129 106.11391347597092
1129 1116 143.85233320566792
1116 1129 143.85233320566792
1129 1126 108.31649875373728
1126 1119 145.02483707933
1119 1126 145.02483707933
1126 1123 105.04643900714652
1123 1122 148.83522192867386
1122 1123 148.83522192867386
1123 1144 143.55083238241417
1144 1141 102.06995838286994
1141 1126 149.22417992474027
1126 1141 149.22417992474027
1141 1138 105.81989009893456
1138 1129 156.93305148527426
1129 1138 156.93305148527426
1138 1135 112.12507392714495
1135 1132 101.64614377630616
1132 1162 152.35028879296112
1162 1159 100.8547264734146
1159 1135 151.2465395360745
1135 1159 151.2465395360745
1159 1150 111.40972506949416
1150 1138 143.2051678775723
1138 1150 143.2051678775723
1150 1147 100.63031943865386
1147 1141 141.0703989343579
1141 1147 141.0703989343579
1147 1145 106.62790237780717
1145 1144 142.67994591873827
1144 1145 142.67994591873827
1145 1153 165.96164564748082
1153 1147 139.95874993196287
1147 1153 139.95874993196287
1153 1157 100.24748915749177
1157 1150 141.12853410058088
1150 1157 141.12853410058088
1157 1179 135.63055408023277
1179 1153 156.69891068185603
1153 1179 156.69891068185603
1179 1176 105.29076645371664
1176 1160 138.3472900374465
1160 1157 104.08513094702346
1157 1160 104.08513094702346
1160 1159 146.13170420223517
1159 1160 146.13170420223517
1160 1171 104.5403679849175
1171 1162 143.60282365002033
1162 1169 102.82529706899399
1169 1164 150.6568547942859
1164 1169 150.6568547942859
1169 1166 108.27949320181231
1166 1215 138.23621587996067
1215 1197 112.98459162441578
1197 1169 144.86601408584085
1169 1197 144.86601408584085
1197 1171 106.41397711341308
1171 1195 138.4045702348999
1195 1176 107.78260415879238
1176 1195 107.78260415879238
1195 1183 141.53406600029675
1183 1176 72.41495975948118
1176 1183 72.41495975948118
1183 1180 100.02359986417535
1180 1179 81.04281849292225
1179 1180 81.04281849292225
1180 1187 73.93897664248463
1187 1193 97.5623107581496
1193 1183 79.73759112186617
1183 1193 79.73759112186617
1193 1273 157.0896687106723
1273 1276 56.36806373858013
1276 1187 142.87621619597508
1187 1276 142.87621619597508
1276 1273 56.36806373858013
1273 1268 74.74861201459511
1268 1265 80.9096206295663
1265 1203 143.39779080610822
1203 1193 111.27910817995864
1193 1203 111.27910817995864
1203 1195 150.29063135292128
1195 1201 106.58760878431495
1201 1197 129.58281745209297
1197 1201 129.58281745209297
1201 1215 190.6742684648007
1215 1210 155.5604151527676
1210 1201 102.15929051429714
1201 1206 155.50246956929806
1206 1203 107.30100288288237
1203 1265 143.39779080610822
1265 1260 106.41860764151743
1260 1206 151.96839760428395
1206 1225 105.20488619032052
1225 1260 201.78977785397547
1260 1225 201.78977785397547
1225 1210 136.90726662979299
1210 1554 104.3005717728618
1554 1225 187.15839601023927
1225 1554 187.15839601023927
1554 1555 147.86720668440313
1555 1215 98.3320224335291
1215 1555 98.3320224335291
1555 1554 147.86720668440313
1554 1218 199.38245084856197
1218 1554 199.38245084856197
1554 1220 109.93916258649296
1220 1233 148.23438797896932
1233 1553 101.40572611286483
1553 1554 139.34027185882277
1554 1553 139.34027185882277
1553 1225 106.64926997322318
1225 1256 146.54644974236112
1256 1260 103.02868913241868
1260 1256 103.02868913241868
1256 1552 105.24037130958415
1552 1553 149.43107498271206
1553 1552 149.43107498271206
1552 1250 104.86774594038995
1250 1233 140.00607748877627
1233 1250 140.00607748877627
1250 1247 105.04614630276505
1247 1236 143.53972083991124
1236 1247 143.53972083991124
1247 1244 107.15051371253023
1244 1239 145.24702350428188
1239 1244 145.24702350428188
1244 1241 102.17442134543377
1241 1329 142.36987499839486
1329 1331 106.22793869287393
1331 1244 144.7676132841821
1244 1331 144.7676132841821
1331 1324 103.63214280015468
1324 1247 142.88911221001118
1247 1324 142.88911221001118
1324 1321 103.7078059428508
1321 1250 148.16858464093588
1250 1321 148.16858464093588
1321 1551 108.42462079306023
1551 1552 144.95899044779821
1552 1551 144.95899044779821
1551 1257 100.2640229192016
1257 1256 140.91334543549212
1256 1257 140.91334543549212
1257 1341 140.01566569764856
1341 1261 154.23534852156223
1261 1260 135.0363447707834
1260 1261 135.0363447707834
1261 1314 213.48291314707413
1314 1283 99.7449239399379
1283 1266 193.1681296860491
1266 1265 160.9277563592077
1265 1266 160.9277563592077
1266 1280 126.3121892303524
1280 1268 242.94057458672347
1268 1271 135.57123398623935
1271 1280 107.37999520723902
1280 1271 107.37999520723902
1271 1274 104.42534297548183
1274 1273 206.32907546170082
1273 1274 206.32907546170082
1274 1277 86.08586016337902
1277 1276 250.4634444222063
1276 1277 250.4634444222063
1277 1288 180.6527340802679
1288 1281 186.10108266818474
1281 1280 56.363443678112205
1280 1281 56.363443678112205
1281 1286 65.90083654561217
1286 1283 105.56946556085543
1283 1312 76.94171781264423
1312 1291 105.64650001368192
1291 1286 78.18343730283111
1286 1291 78.18343730283111
1291 1288 106.01282595372447
1288 1295 147.5012647432633
1295 1310 103.30604196554293
1310 1291 145.75268921386765
1291 1310 145.75268921386765
1310 1307 151.10924406411434
1307 1299 37.40744676578013
1299 1295 147.37793721582733
1295 1299 147.37793721582733
1299 1307 37.40744676578013
1307 1300 65.107615163121
1300 1299 76.82142260395553
1299 1300 76.82142260395553
1300 1304 83.10566794014574
1304 1517 142.34366454210144
1517 1521 139.24745408658114
1521 1304 58.28218986982662
1304 1521 58.28218986982662
1521 1531 150.97799561294664
1531 1307 106.32811019086104
1307 1531 106.32811019086104
1531 1534 141.7792241721988
1534 1310 102.35277290930316
1310 1534 102.35277290930316
1534 1312 151.4425058578546
1312 1536 106.7553866319117
1536 1314 79.24683220456667
1314 1545 108.86836573323141
1545 1341 71.99547587468233
1341 1550 106.20509788405644
1550 1551 139.0853734964185
1551 1550 139.0853734964185
1550 1337 106.75783407317604
1337 1321 145.03679236641625
1321 1337 145.03679236641625
1337 1334 103.73998576671322
1334 1324 148.1738969144443
1324 1334 148.1738969144443
1334 1346 105.61038516875476
1346 1346 0.0
1346 1349 109.54005144818684
1349 1329 145.40723295100983
1329 1346 200.12863879748488
1346 1331 152.93578056789758
1331 1346 152.93578056789758
1346 1418 187.19300904575707
1418 1334 140.84744437322635
1334 1418 140.84744437322635
1418 1467 109.28905159023182
1467 1337 147.9624000839173
1337 1467 147.9624000839173
1467 1549 103.56827543609559
1549 1550 144.21247460305764
1550 1341 106.20509788405644
1341 1549 167.88956486275646
1549 1473 166.3604094430155
1473 1418 197.96276582035213
1418 1415 101.4317585625879
1415 1346 138.8220760825504
1346 1415 138.8220760825504
1415 1412 109.6480092058561
1412 1349 147.003660946534
1349 1358 103.89428744955293
1358 1351 150.38615597499424
1351 1358 150.38615597499424
1358 1353 100.02520288340061
1353 1362 146.41460843980704
1362 1359 101.97705006298605
1359 1412 105.42925677978991
1412 1359 105.42925677978991
1359 1358 140.4063134146804
1358 1359 140.4063134146804
1359 1410 149.47925208770508
1410 1405 105.81893893850707
1405 1362 146.41247757345909
1362 1405 146.41247757345909
1405 1364 107.45881387035826
1364 1403 146.60785520497922
1403 1368 92.24121171131824
1368 1367 143.41343626461114
1367 1368 143.41343626461114
1368 1375 157.7073176547639
1375 1400 72.86526245284959
1400 1403 145.37259950857708
1403 1400 145.37259950857708
1400 1391 144.5811246441522
1391 1376 55.59474896033823
1376 1375 145.02797545853412
1375 1376 145.02797545853412
1376 1379 150.42767680653145
1379 1391 131.0158861237303
1391 1379 131.0158861237303
1379 1383 37.993598054065366
1383 1389 77.92987210251202
1389 1387 152.21737074259747
1387 1383 176.22212962189508
1383 1387 176.22212962189508
1387 1441 109.26539299844097
1441 1438 149.3714508930602
1438 1387 169.83540288557322
1387 1438 169.83540288557322
1438 1389 106.95607992451242
1389 1398 143.65456875400244
1398 1391 105.65114607612043
1391 1398 105.65114607612043
1398 1436 103.9151435367284
1436 1438 143.03334559112395
1438 1436 143.03334559112395
1436 1431 149.5553296872238
1431 1401 103.53290765390064
1401 1398 149.62791278572004
1398 1401 149.62791278572004
1401 1400 105.81918294668539
1400 1401 105.81918294668539
1401 1406 147.8458579274177
1406 1403 102.16100675711863
1403 1406 102.16100675711863
1406 1405 140.6833975389734
1405 1406 140.6833975389734
1406 1430 107.16064246090008
1430 1431 147.87910732818614
1431 1430 147.87910732818614
1430 1410 141.0559448594469
1410 1428 104.92445102838875
1428 1412 147.06820698762573
1412 1428 147.06820698762573
1428 1425 107.8342464738772
1425 1415 149.85954290815891
1415 1425 149.85954290815891
1425 1422 97.58224700080669
1422 1418 144.3508424844657
1418 1422 144.3508424844657
1422 1473 109.09813428958489
1473 1463 162.53670148048025
1463 1422 151.55733527026422
1422 1463 151.55733527026422
1463 1455 106.76023758203921
1455 1425 148.1807280997612
1425 1455 148.1807280997612
1455 1433 108.26824675303418
1433 1428 147.00153882656411
1428 1433 147.00153882656411
1433 1430 103.63318840066748
1430 1431 147.87910732818614
1431 1453 105.87942890443861
1453 1433 145.5509029259097
1433 1453 145.5509029259097
1453 1451 147.5159673042141
1451 1436 106.69362613231938
1436 1451 106.69362613231938
1451 1438 160.98272185516433
1438 1445 106.69437194090924
1445 1442 144.51159447181516
1442 1441 101.9619451252134
1441 1442 101.9619451252134
1442 1485 105.43386163329721
1485 1484 144.20118000080708
1484 1445 107.15707024751141
1445 1451 148.091830938905
1451 1449 101.20455675312698
1449 1484 150.14467524232774
1484 1449 150.14467524232774
1449 1457 140.6831947341794
1457 1451 160.47764061132133
1451 1457 160.47764061132133
1457 1453 104.89592997520904
1453 1457 104.89592997520904
1457 1455 146.18299015628986
1455 1463 106.76023758203921
1463 1457 168.81656430432847
1457 1460 103.31350129731803
1460 1463 146.91364010963588
1463 1460 146.91364010963588
1460 1476 106.42307080542665
1476 1475 147.20429524070423
1475 1463 101.84213507968909
1463 1473 162.53670148048025
1473 1475 147.1440914744008
1475 1473 147.1440914744008
1473 1467 141.86449747511597
1467 1473 141.86449747511597
1473 1543 107.30007091988473
1543 1549 151.75836571849982
1549 1543 151.75836571849982
1543 1542 145.01492940807424
1542 1473 196.25858083594414
1473 1542 196.25858083594414
1542 1475 105.29880653019072
1475 1476 147.20429524070423
1476 1507 103.78759629263028
1507 1542 147.51363356951938
1542 1507 147.51363356951938
1507 1504 145.486603632642
1504 1497 145.91485393047398
1497 1490 102.00638542860665
1490 1487 107.01454423438055
1487 1484 101.42202801683281
1484 1485 144.20118000080708
1485 1488 103.77526127011151
1488 1487 146.27532208159474
1487 1488 146.27532208159474
1488 1491 106.53855759354519
1491 1490 148.243327637837
1490 1491 148.243327637837
1491 1494 104.93336257221031
1494 1497 137.86441915179128
1497 1494 137.86441915179128
1494 1500 131.5185456481823
1500 1502 41.26042993298758
1502 1497 111.48938840123489
1497 1502 111.48938840123489
1502 1513 43.11329418481948
1513 1500 46.26078590268608
1500 1513 46.26078590268608
1513 1502 43.11329418481948
1502 1510 152.96980857866274
1510 1504 102.14582169892891
1504 1510 102.14582169892891
1510 1526 143.91385147753624
1526 1507 107.13683632106549
1507 1526 107.13683632106549
1526 1519 191.32866254948803
1519 1510 103.94409066681007
1510 1519 103.94409066681007
1519 1514 100.49194895661388
1514 1513 75.83526849239587
1513 1514 75.83526849239587
1514 1518 48.60994012365661
1518 1519 82.93345115220296
1519 1517 107.56533247781394
1517 1518 81.67102586571978
1518 1519 82.93345115220296
1519 1529 142.3980759055111
1529 1521 107.50761127226127
1521 1529 107.50761127226127
1529 1526 105.72213704495235
1526 1541 146.4122457160732
1541 1542 104.67005823396497
1542 1526 194.35130654741084
1526 1541 146.4122457160732
1541 1532 105.83353355721553
1532 1529 148.31303314571971
1529 1532 148.31303314571971
1532 1531 104.91492041340308
1531 1532 104.91492041340308
1532 1539 142.16834103797672
1539 1534 106.26742956101859
1534 1539 106.26742956101859
1539 1536 148.24393050222287
1536 1548 101.4017281141425
1548 1547 141.86446071545276
1547 1539 107.73973353350198
1539 1547 107.73973353350198
1547 1541 146.2080801606151
1541 1542 104.67005823396497
1542 1543 145.01492940807424
1543 1547 101.01467718690118
1547 1545 226.86362031137267
1545 1548 85.00084915053948
1548 1547 141.86446071545276
1547 1548 141.86446071545276
1548 1549 105.22709215996707
1549 1550 144.21247460305764
1550 1551 139.0853734964185
1551 1552 144.95899044779821
1552 1553 149.43107498271206
1553 1554 139.34027185882277
1554 1555 147.86720668440313
1555 1556 139.6698593983013
1556 1557 155.33496128915948
1557 1558 144.20209411389723
1558 1559 141.31742235419156
1559 1560 155.82470768228671
1560 1561 141.29772464372263
1561 1562 149.19712234479803
1562 1563 146.01567868169636
1563 1564 150.35349952053286
1564 1573 144.07139275179458
1573 1566 160.06395655021018
1566 1571 136.05935312454307
1571 1570 34.4208399616105
1570 1569 158.68438365830718
1569 1570 158.68438365830718
1570 1571 34.4208399616105
1571 1566 136.05935312454307
1566 1573 160.06395655021018
1573 1574 165.91517186090226
1574 1575 163.46398658720022
1575 1576 137.0645030096277
1576 1577 34.9130638507147
1577 1578 152.4759465848702
1578 1579 249.73176195554888
1579 1580 251.46078141346533
1580 1581 155.28585669934887
1581 1582 108.0048832619061
1582 1603 104.29896484268234
1603 1584 110.3276486231814
1584 1585 66.35026123884836
1585 1586 64.41885229985294
1586 1589 79.00617112649304
1589 1588 148.32810957503622
1588 1589 148.32810957503622
1589 1590 148.36499627107554
1590 1599 77.28009665437312
1599 1598 101.95093829840047
1598 1597 176.61910667534863
1597 1596 77.28616374012371
1596 1595 140.85097995248316
1595 1596 140.85097995248316
1596 1597 77.28616374012371
1597 1598 176.61910667534863
1598 1599 101.95093829840047
1599 1600 78.32074952836204
1600 1601 130.77172450737874
1601 1602 86.20366585178989
1602 1603 193.8366656945366
1603 1604 191.79660996299657
1604 1605 195.0575474685593
1605 1606 198.7799074986317
1606 1607 192.22054642137738
1607 1608 140.83685563034186
1608 1609 150.33287409593274
1609 1610 165.96440500911189
1610 1611 153.79446974286404
