590
-43.93748580 -19.94028650
-43.93609910 -19.94015040
-43.93467750 -19.94000160
-43.93458900 -19.93970160
-43.93418670 -19.93995620
-43.93323450 -19.93987300
-43.93293140 -19.93880140
-43.93186660 -19.93978220
-43.93166270 -19.93911910
-43.93048520 -19.93958050
-43.93071320 -19.93929560
-43.93042620 -19.93939390
-43.92993270 -19.93947210
-43.92901000 -19.93939140
-43.92759110 -19.93927540
-43.92690180 -19.93922500
-43.92662290 -19.93910650
-43.92745440 -19.93884170
-43.92877130 -19.93849510
-43.93007890 -19.93820760
-43.93134360 -19.93787600
-43.93259880 -19.93757350
-43.93425640 -19.93847110
-43.93536420 -19.93845850
-43.93515770 -19.93823660
-43.93395600 -19.93724690
-43.93523010 -19.93796180
-43.93540980 -19.93778020
-43.93519650 -19.93693300
-43.93569140 -19.93787600
-43.93592480 -19.93806510
-43.93683140 -19.93783070
-43.93585230 -19.93831730
-43.93559220 -19.93852150
-43.93586040 -19.93939390
-43.93491890 -19.93957550
-43.93477950 -19.93939650
-43.93686890 -19.93914430
-43.93691180 -19.93892750
-43.93720150 -19.93906110
-43.93656050 -19.93685480
-43.93621980 -19.93668340
-43.93639420 -19.93676660
-43.93654170 -19.93661530
-43.93622790 -19.93542640
-43.93490150 -19.93569370
-43.93364890 -19.93600010
-43.93385540 -19.93694310
-43.93373070 -19.93710450
-43.93371330 -19.93728350
-43.93226760 -19.93634930
-43.93101900 -19.93665940
-43.92971810 -19.93695190
-43.92841990 -19.93725830
-43.92710570 -19.93760880
-43.92626350 -19.93892500
-43.92602210 -19.93870810
-43.92582360 -19.93792650
-43.92547220 -19.93669850
-43.92677040 -19.93635560
-43.92804980 -19.93612610
-43.92825370 -19.93580340
-43.92851250 -19.93591180
-43.92937480 -19.93575040
-43.93069180 -19.93543020
-43.93193100 -19.93513020
-43.93332030 -19.93476200
-43.93464270 -19.93449220
-43.93589260 -19.93418460
-43.93739460 -19.93518820
-43.93674020 -19.93626230
-43.93683670 -19.93651950
-43.93782910 -19.93627740
-43.93756090 -19.93526380
-43.93749120 -19.93505200
-43.93801690 -19.93415430
-43.93795790 -19.93362990
-43.93716930 -19.93382150
-43.93679920 -19.93261120
-43.93786670 -19.93317100
-43.93885370 -19.93292890
-43.93913270 -19.93385180
-43.94000710 -19.93425520
-43.93977110 -19.93323150
-43.93947060 -19.93200100
-43.93884300 -19.93241450
-43.93864450 -19.93176390
-43.93843530 -19.93097720
-43.93730340 -19.93125460
-43.93764670 -19.93280280
-43.93647190 -19.93144620
-43.93521670 -19.93172860
-43.93549030 -19.93295410
-43.93424570 -19.93326170
-43.93389700 -19.93207160
-43.93259880 -19.93235400
-43.93293410 -19.93357690
-43.93161980 -19.93388710
-43.93032970 -19.93420480
-43.92907980 -19.93455270
-43.92796400 -19.93579080
-43.92775740 -19.93483510
-43.92642440 -19.93518060
-43.92517720 -19.93548060
-43.92484190 -19.93424510
-43.92612930 -19.93394250
-43.92741140 -19.93363240
-43.92871770 -19.93327940
-43.92999170 -19.93300960
-43.93126850 -19.93269690
-43.93224210 -19.93113860
-43.93096800 -19.93144620
-43.92967790 -19.93178410
-43.92836630 -19.93211440
-43.92705200 -19.93243210
-43.92576190 -19.93269690
-43.92445300 -19.93302280
-43.92413380 -19.93183710
-43.92544540 -19.93148150
-43.92432150 -19.93179420
-43.92385750 -19.93058890
-43.92321650 -19.93076790
-43.92510210 -19.93028380
-43.92674360 -19.93117640
-43.92641630 -19.92995090
-43.92802300 -19.93087380
-43.92767970 -19.92964080
-43.92933990 -19.93054850
-43.92897250 -19.92933320
-43.93061670 -19.93023080
-43.93030020 -19.92901290
-43.93190150 -19.92987280
-43.93354830 -19.93079060
-43.93483580 -19.93050320
-43.93617150 -19.93018040
-43.93746440 -19.92987780
-43.93785600 -19.93113350
-43.93713180 -19.92865740
-43.93580680 -19.92895240
-43.93454610 -19.92926000
-43.93319700 -19.92959040
-43.93158760 -19.92865990
-43.93271680 -19.92859180
-43.93291000 -19.92824890
-43.93414650 -19.92803960
-43.93545270 -19.92770670
-43.93675090 -19.92739660
-43.93642370 -19.92618620
-43.93509330 -19.92653920
-43.93384340 -19.92685690
-43.93258540 -19.92718220
-43.93123890 -19.92746970
-43.93242990 -19.92846070
-43.92994080 -19.92778240
-43.93090900 -19.92622650
-43.93188000 -19.92437310
-43.93134360 -19.92275670
-43.92742480 -19.92369730
-43.92764480 -19.92439330
-43.92799350 -19.92454710
-43.92923530 -19.92528340
-43.92961890 -19.92654170
-43.92807930 -19.92562130
-43.92841730 -19.92685950
-43.92861840 -19.92804460
-43.92700110 -19.92716460
-43.92782180 -19.92475890
-43.92635200 -19.92472870
-43.92667920 -19.92596680
-43.92734970 -19.92841530
-43.92612130 -19.92873550
-43.92581280 -19.92753530
-43.92537830 -19.92626440
-43.92445030 -19.92776980
-43.92482580 -19.92903060
-43.92350350 -19.92933320
-43.92285700 -19.93037960
-43.92217310 -19.92970380
-43.92182440 -19.92929780
-43.92202290 -19.92907340
-43.92187270 -19.92843800
-43.92127190 -19.92868010
-43.92316550 -19.92814550
-43.92024190 -19.92756050
-43.92151860 -19.92723520
-43.92281140 -19.92692000
-43.92346320 -19.92675610
-43.92380120 -19.92796640
-43.92409890 -19.92658960
-43.92377440 -19.92535910
-43.92505650 -19.92505900
-43.92681870 -19.92398480
-43.92727730 -19.92323580
-43.92602740 -19.92351320
-43.92471050 -19.92382090
-43.92342840 -19.92412350
-43.92212480 -19.92444880
-43.92244940 -19.92568190
-43.92117800 -19.92597690
-43.91987980 -19.92634000
-43.91954450 -19.92510940
-43.92085610 -19.92478670
-43.92051010 -19.92355860
-43.91919580 -19.92384610
-43.91891150 -19.92268110
-43.92018290 -19.92231540
-43.92181370 -19.92323080
-43.92164470 -19.92263820
-43.92146500 -19.92200270
-43.92277120 -19.92168500
-43.92293210 -19.92229780
-43.92309580 -19.92288790
-43.92437520 -19.92260040
-43.92402380 -19.92138490
-43.92425720 -19.92105710
-43.92486330 -19.92134460
-43.92536220 -19.92109750
-43.92572160 -19.92229780
-43.92703060 -19.92196490
-43.92666040 -19.92072930
-43.92606500 -19.92056280
-43.92510470 -19.92120340
-43.92455760 -19.92120840
-43.92594160 -19.91835380
-43.92638680 -19.91976090
-43.92663360 -19.91988700
-43.92736320 -19.91908510
-43.92688570 -19.91867660
-43.92611860 -19.91814200
-43.92696620 -19.91854040
-43.92810340 -19.91922130
-43.92935340 -19.91991730
-43.92903150 -19.92040650
-43.92859160 -19.92110250
-43.92755090 -19.92123870
-43.93115580 -19.92201540
-43.93232520 -19.92208600
-43.93441200 -19.92114790
-43.93501820 -19.92020980
-43.93456760 -19.91992230
-43.93427790 -19.91882790
-43.93575850 -19.91850010
-43.93605890 -19.91977100
-43.93638070 -19.92090580
-43.93675090 -19.92208600
-43.93532400 -19.92451690
-43.93609110 -19.92498080
-43.93736240 -19.92463290
-43.93705130 -19.92340230
-43.93803830 -19.92185400
-43.93770580 -19.92067380
-43.93733020 -19.91943310
-43.93701910 -19.91820750
-43.93538830 -19.91735010
-43.93461590 -19.91745100
-43.93500210 -19.91869680
-43.93532930 -19.91985170
-43.93294220 -19.91905490
-43.93224480 -19.91999800
-43.93306550 -19.92042160
-43.93186930 -19.92053760
-43.93245940 -19.92085540
-43.93152060 -19.92103190
-43.93029210 -19.92061330
-43.92971810 -19.91931710
-43.93003460 -19.91880770
-43.92851650 -19.91860600
-43.92734710 -19.91799570
-43.92647270 -19.91747120
-43.92687500 -19.91681550
-43.92779770 -19.91729970
-43.92894570 -19.91793010
-43.93013120 -19.91860600
-43.93065690 -19.91777380
-43.92940700 -19.91709290
-43.92831270 -19.91644230
-43.92742220 -19.91598330
-43.92771180 -19.91561010
-43.92848970 -19.91423320
-43.92896710 -19.91454590
-43.93035110 -19.91415750
-43.93060330 -19.91492420
-43.93082320 -19.91555970
-43.92932650 -19.91589760
-43.92917630 -19.91524190
-43.92928360 -19.91646750
-43.92976640 -19.91654820
-43.93097880 -19.91723410
-43.93151520 -19.91635660
-43.93097340 -19.91603880
-43.93013660 -19.91332530
-43.92886520 -19.91368850
-43.93081780 -19.91318410
-43.93169760 -19.91369350
-43.93205170 -19.91556470
-43.93241640 -19.91666930
-43.93117190 -19.91694160
-43.93149910 -19.91820250
-43.93271680 -19.91793520
-43.93394530 -19.91765280
-43.93421890 -19.91591780
-43.93358050 -19.91601360
-43.93316750 -19.91453080
-43.93402580 -19.91497970
-43.93492160 -19.91573120
-43.93470170 -19.91475270
-43.93602130 -19.91447030
-43.93623590 -19.91540840
-43.93663290 -19.91694160
-43.93829050 -19.91787970
-43.93862310 -19.91909020
-43.93895030 -19.92035100
-43.94024850 -19.92000810
-43.93994270 -19.91879760
-43.93953500 -19.91766280
-43.93926680 -19.91632130
-43.93794720 -19.91663400
-43.93642900 -19.91616490
-43.93516300 -19.91652300
-43.93772720 -19.91592280
-43.93754480 -19.91503010
-43.93733020 -19.91410710
-43.93881080 -19.91476280
-43.93856940 -19.91395580
-43.93838170 -19.91316900
-43.93941700 -19.91216020
-43.93992130 -19.91353210
-43.94074200 -19.91343130
-43.94117120 -19.91270500
-43.94037720 -19.91226620
-43.94319360 -19.91384480
-43.94355830 -19.91428360
-43.94287710 -19.91459130
-43.94200800 -19.91486370
-43.94124630 -19.91493430
-43.94014120 -19.91443490
-43.94034500 -19.91515110
-43.93904150 -19.91553450
-43.94054350 -19.91604390
-43.94141790 -19.91583710
-43.94221720 -19.91562020
-43.94310240 -19.91539830
-43.94434150 -19.91502000
-43.94533930 -19.91613970
-43.94475460 -19.91630610
-43.94347790 -19.91658350
-43.94257660 -19.91684580
-43.94169690 -19.91702740
-43.94086000 -19.91722910
-43.94121410 -19.91845470
-43.94157350 -19.91968020
-43.94061330 -19.92125880
-43.93928290 -19.92154130
-43.93834410 -19.92311480
-43.93870890 -19.92431010
-43.93994810 -19.92400240
-43.93961010 -19.92276680
-43.94095120 -19.92240370
-43.94129460 -19.92365950
-43.94033970 -19.92524310
-43.93901470 -19.92557590
-43.93772720 -19.92587350
-43.93808130 -19.92706880
-43.93838700 -19.92830430
-43.93873570 -19.92952480
-43.93910050 -19.93077040
-43.94037720 -19.93044770
-43.94003930 -19.92920710
-43.93969600 -19.92803200
-43.93936870 -19.92673090
-43.94092440 -19.92762860
-43.94068300 -19.92644840
-43.94137500 -19.92885910
-43.94176130 -19.93017540
-43.94264100 -19.92857670
-43.94180420 -19.92812280
-43.94226010 -19.92740670
-43.94196510 -19.92612570
-43.94162710 -19.92493040
-43.94219040 -19.92221710
-43.94191150 -19.92092090
-43.94350470 -19.92185400
-43.94240500 -19.91947850
-43.94208310 -19.91826300
-43.94289850 -19.91804610
-43.94322570 -19.91927170
-43.94358520 -19.92052750
-43.94274830 -19.92071920
-43.94316670 -19.92061330
-43.94447030 -19.92027030
-43.94474920 -19.92152110
-43.94380510 -19.92306940
-43.94256590 -19.92338710
-43.94288780 -19.92459750
-43.94321500 -19.92585840
-43.94361730 -19.92707380
-43.94414310 -19.92428490
-43.94439520 -19.92296860
-43.94443270 -19.92237340
-43.94487800 -19.92197500
-43.94557540 -19.92205070
-43.94588650 -19.92244910
-43.94589190 -19.92309970
-43.94541440 -19.92340730
-43.94471170 -19.92337200
-43.94608500 -19.92122350
-43.94413770 -19.91908010
-43.94382120 -19.91782930
-43.94509260 -19.91754680
-43.94633710 -19.91709290
-43.94673940 -19.91847480
-43.94790350 -19.91813690
-43.94933040 -19.91779900
-43.94963620 -19.91901450
-43.94834880 -19.91933730
-43.94544120 -19.91873710
-43.94577920 -19.91992740
-43.94704520 -19.91963990
-43.94869210 -19.92057290
-43.94739930 -19.92092600
-43.94640150 -19.92238350
-43.94675550 -19.92366960
-43.94549490 -19.92398730
-43.94451860 -19.92554060
-43.94489410 -19.92674090
-43.94523200 -19.92793110
-43.94391780 -19.92824890
-43.94299510 -19.92984250
-43.94206170 -19.93135540
-43.94075810 -19.93166810
-43.94109070 -19.93292890
-43.94140720 -19.93411900
-43.94009830 -19.93444680
-43.94040410 -19.93565210
-43.93913270 -19.93598490
-43.93821000 -19.93750790
-43.93855330 -19.93871820
-43.93881080 -19.93996380
-43.94013580 -19.93967130
-43.93985690 -19.93841560
-43.93947600 -19.93718010
-43.94075270 -19.93688260
-43.94114430 -19.93811810
-43.94145550 -19.93935360
-43.94272690 -19.93903590
-43.94246940 -19.93781550
-43.94214750 -19.93657500
-43.94172910 -19.93530410
-43.94275900 -19.93380130
-43.94307020 -19.93498140
-43.94341890 -19.93628250
-43.94371390 -19.93746760
-43.94399290 -19.93873840
-43.94495310 -19.93715490
-43.94466880 -19.93596980
-43.94587040 -19.93567230
-43.94559680 -19.93441660
-43.94437370 -19.93473930
-43.94403580 -19.93352400
-43.94242640 -19.93260610
-43.94327940 -19.93100240
-43.94370850 -19.93227830
-43.94525350 -19.93316090
-43.94624050 -19.93427540
-43.94657850 -19.93543020
-43.94723300 -19.93526380
-43.94694860 -19.93411400
-43.94835410 -19.93432580
-43.94850430 -19.93499650
-43.94813950 -19.93344330
-43.94785520 -19.93251540
-43.94658390 -19.93282300
-43.94485120 -19.93195560
-43.94466340 -19.93070990
-43.94622450 -19.93158240
-43.94757090 -19.93124950
-43.94587040 -19.93036700
-43.94430400 -19.92950970
-43.94552710 -19.92912640
-43.94717400 -19.93008960
-43.94685750 -19.92885400
-43.94647660 -19.92765880
-43.94616540 -19.92642320
-43.94580070 -19.92518760
-43.94708810 -19.92491020
-43.94743140 -19.92611050
-43.94778550 -19.92730580
-43.94814490 -19.92856150
-43.94841850 -19.92975170
-43.94966840 -19.92952980
-43.94877250 -19.93099740
-43.95067160 -19.93059390
-43.95099340 -19.93175390
-43.94928750 -19.93221780
-43.95029600 -19.93294400
-43.94934120 -19.93315080
-43.95016730 -19.93377110
-43.95073060 -19.93450740
-43.95232380 -19.93405850
-43.95077350 -19.93318100
-43.95134750 -19.93297430
-43.95167470 -19.93158240
-43.95203950 -19.93279780
-43.95362730 -19.93371060
-43.95333230 -19.93249010
-43.95467340 -19.93217750
-43.95470560 -19.93264140
-43.95525280 -19.93205640
-43.95579990 -19.93135040
-43.95684600 -19.93032670
-43.95561750 -19.93066960
-43.95427640 -19.93097220
-43.95302120 -19.93128990
-43.95135820 -19.93032670
-43.95030140 -19.92933820
-43.94937870 -19.92826900
-43.94907300 -19.92700820
-43.94874570 -19.92579790
-43.94844000 -19.92455220
-43.94803760 -19.92330650
-43.94999030 -19.92546500
-43.95038720 -19.92671070
-43.95065550 -19.92794630
-43.95164250 -19.92638790
-43.94967380 -19.92427980
-43.94934120 -19.92299380
-43.94773720 -19.92208090
-43.94898180 -19.92177830
-43.95031210 -19.92150090
-43.94999030 -19.92026020
-43.95093980 -19.91873210
-43.95061790 -19.91767290
-43.95203410 -19.91754180
-43.95222720 -19.91840930
-43.95350930 -19.91810160
-43.95333770 -19.91745100
-43.95466800 -19.91779900
-43.95497380 -19.91801080
-43.95514010 -19.91895400
-43.95649190 -19.91864630
-43.95679240 -19.91994250
-43.95546200 -19.92020980
-43.95387410 -19.91931710
-43.95419600 -19.92053260
-43.95287100 -19.92086040
-43.95254910 -19.91965000
-43.95123480 -19.91993750
-43.95156200 -19.92119330
-43.95065010 -19.92272140
-43.95100410 -19.92397220
-43.95126700 -19.92513210
-43.95261880 -19.92488000
-43.95231310 -19.92361910
-43.95194830 -19.92236840
-43.95324110 -19.92207590
-43.95455000 -19.92176820
-43.95585890 -19.92142020
-43.95714100 -19.92111760
-43.95746290 -19.92235330
-43.95618620 -19.92267600
-43.95485040 -19.92295850
-43.95360590 -19.92328120
-43.95391170 -19.92449670
-43.95424960 -19.92573730
-43.95294610 -19.92606510
-43.95200190 -19.92762860
-43.95328400 -19.92729070
-43.95458760 -19.92694270
-43.95588040 -19.92665520
-43.95716790 -19.92629710
-43.95684600 -19.92510690
-43.95650270 -19.92386120
-43.95780090 -19.92355860
-43.95816030 -19.92478920
-43.95839630 -19.92605510
-43.95790820 -19.92754790
-43.95753800 -19.92758820
-43.95772040 -19.92806230
-43.95617540 -19.92786050
-43.95490410 -19.92820350
-43.95650800 -19.92907090
-43.95740390 -19.92889940
-43.95720540 -19.92943910
-43.95525280 -19.92942900
-43.95360590 -19.92851620
-43.95393850 -19.92975170
-43.95267780 -19.93005430
-43.95105240 -19.92913650
-43.95230770 -19.92881370
-43.93185320 -19.91463160
0 1 2 3 4 2 1 34 33 32 30 29 27 26 25 22 3 23 33 23 24 26 24 22 6 5 4 5 7 8 6 21 20 19 18 17 16 15 14 13 12 11 10 9 7 9 12 13 18 53 52 51 50 21 49 48 47 46 45 44 43 42 29 27 28 25 48 50 46 66 65 50 64 63 62 61 60 54 53 60 59 58 57 56 55 54 17 14 15 16 55 56 57 54 59 102 101 100 61 99 64 51 20 8 10 11 19 52 63 99 98 97 96 95 94 93 92 91 90 78 77 76 75 74 69 44 68 67 66 96 93 67 45 28 41 40 31 30 32 38 37 34 35 36 35 34 37 38 39 0 437 436 435 72 71 70 43 70 69 73 72 434 433 432 431 430 429 428 373 366 84 83 82 432 82 81 80 79 78 91 94 132 131 129 127 125 123 118 115 114 113 112 111 110 95 109 108 107 106 105 104 103 58 103 102 105 115 106 101 99 107 113 125 126 169 165 164 161 154 151 150 149 148 147 146 145 144 143 142 131 111 109 97 65 64 98 108 112 127 128 130 129 111 108 99 106 114 123 124 126 128 164 163 162 160 159 158 157 156 155 150 143 140 139 138 137 135 134 133 91 132 110 131 140 132 133 139 144 149 245 244 243 242 241 240 239 238 237 236 235 156 235 233 232 231 230 229 228 227 226 225 224 223 214 213 212 211 210 209 208 207 206 202 196 195 194 193 192 191 167 158 191 193 167 168 162 166 159 158 167 172 165 163 161 160 154 150 149 143 142 152 141 131 130 141 151 153 130 164 153 161 164 169 170 124 122 120 119 117 116 104 116 115 117 118 122 174 170 171 165 168 172 171 173 172 188 186 187 186 185 184 183 181 180 179 178 181 178 177 176 175 174 173 175 120 121 117 121 176 177 175 182 180 184 198 197 196 189 172 190 189 188 173 182 185 197 189 195 211 206 196 201 200 199 183 199 198 201 202 203 200 203 204 205 202 205 208 207 210 209 213 214 215 216 217 212 194 190 194 193 217 218 192 157 192 233 234 219 218 219 220 216 221 215 222 214 223 228 268 267 266 264 231 230 266 271 270 269 268 269 276 275 274 273 272 271 274 275 270 267 229 227 226 232 263 262 260 258 259 258 265 272 265 264 260 261 260 258 257 239 242 251 250 249 244 248 247 246 245 244 250 243 238 256 255 254 253 241 252 251 310 309 252 308 307 306 305 304 300 301 302 293 292 290 280 279 278 291 290 291 278 277 276 277 281 280 281 282 283 284 283 285 275 285 286 287 273 297 296 295 298 297 257 298 295 294 293 589 281 282 289 288 287 296 288 294 293 303 305 303 302 303 300 254 299 240 299 254 253 304 307 320 319 317 308 253 252 310 250 311 310 312 311 352 351 312 313 310 314 313 349 348 347 346 345 344 343 342 341 332 331 342 331 330 328 327 326 325 324 323 322 320 321 306 307 317 318 317 319 337 336 335 327 334 333 332 340 339 338 336 335 326 323 321 324 325 329 328 327 335 322 315 314 309 316 308 316 315 337 315 338 348 314 338 336 334 339 347 383 382 350 349 383 384 346 340 341 345 407 406 389 386 385 384 407 408 344 343 409 408 415 410 409 411 410 417 416 415 406 385 382 387 386 388 387 380 351 357 356 355 354 353 249 352 356 353 248 246 148 145 138 134 90 88 87 86 85 80 84 365 364 363 362 146 137 363 368 367 364 135 136 365 87 88 89 79 76 75 74 77 68 92 78 90 136 365 366 367 372 370 368 369 360 359 355 358 357 379 358 378 359 371 369 361 360 354 247 361 246 147 361 362 369 370 371 377 376 370 375 374 372 366 429 84 83 430 459 448 431 447 446 445 444 443 442 441 433 434 440 439 438 443 438 437 39 31 435 440 441 446 450 449 448 458 457 456 455 454 453 452 444 452 451 450 454 457 449 447 431 430 429 428 459 461 460 428 460 472 462 458 461 472 473 460 427 374 376 394 393 392 391 381 379 392 358 379 380 312 350 380 381 388 386 389 390 381 398 397 391 396 394 377 378 393 396 422 421 420 405 400 399 398 399 390 405 419 418 414 413 412 411 414 417 405 416 389 416 417 411 417 419 526 519 518 517 516 515 489 488 487 486 485 484 421 402 401 400 401 420 526 527 418 529 528 527 525 524 520 518 518 421 519 525 548 528 547 546 545 544 543 542 538 537 536 535 534 533 532 535 532 531 412 531 530 413 529 546 530 533 545 542 534 536 537 539 538 541 540 539 541 543 555 554 544 547 553 552 551 523 522 521 520 517 485 482 481 480 479 476 474 472 462 456 463 462 471 470 469 467 466 465 464 463 466 471 474 475 470 493 492 491 490 489 514 491 513 501 492 500 499 498 497 496 495 469 494 493 470 475 476 473 477 476 478 425 424 423 396 404 397 404 403 402 403 422 483 482 424 395 376 375 372 373 427 477 374 426 425 481 486 516 521 523 520 550 549 548 553 554 561 560 555 541 556 557 540 557 558 559 556 555 561 552 549 524 518 484 483 423 394 395 426 477 478 480 487 515 522 489 488 479 475 490 489 514 588 587 513 586 585 584 579 578 576 575 574 573 572 558 572 571 570 569 568 567 563 562 561 551 550 523 564 563 567 566 565 523 566 564 551 562 561 560 559 571 570 573 574 569 576 577 575 577 581 580 579 567 568 578 580 582 581 582 509 508 507 505 504 503 498 502 501 512 511 510 509 580 583 510 508 507 506 503 506 505 511 585 583 579 566 584 588 565 522 587 514 588 586 512 504 502 500 499 494 495 469 467 468 497 496 467 468 465 464 455 453 451 445 442 439 436 39 
